0	1.514781e-06
1	5.147774e-07
2	1.397000e-06
3	4.897636e-06
4	3.023512e-06
5	3.866799e-06
6	2.557992e-06
7	1.999414e-06
8	3.596439e-06
9	4.641058e-06
10	2.009019e-06
11	6.261777e-06
12	5.537616e-06
13	3.866433e-06
14	1.468673e-06
15	8.169227e-07
16	4.520402e-06
17	2.682804e-06
18	2.604564e-06
19	1.908140e-06
20	2.504625e-06
21	1.572840e-05
22	3.373855e-06
23	2.306777e-06
24	7.467404e-07
25	1.064275e-06
26	1.580454e-06
27	3.856480e-06
28	1.951679e-06
29	4.479000e-06
30	2.234266e-06
31	9.549866e-07
32	6.152336e-07
33	1.731417e-06
34	1.078883e-06
35	4.825598e-06
36	2.883541e-06
37	8.703625e-07
38	1.824884e-06
39	4.121137e-06
40	5.133460e-06
41	4.904790e-06
42	2.297148e-06
43	1.434480e-05
44	1.649720e-06
45	3.656618e-06
46	1.924338e-06
47	2.439026e-06
48	3.350610e-06
49	4.702493e-06
50	4.086833e-06
51	2.385947e-06
52	2.927392e-06
53	6.768054e-07
54	2.737366e-06
55	3.181111e-06
56	3.619002e-06
57	2.262444e-06
58	5.052295e-06
59	2.274825e-06
60	1.810342e-06
61	6.268939e-06
62	4.372899e-06
63	3.815373e-06
64	1.147612e-06
65	3.462064e-06
66	2.042693e-06
67	3.763641e-06
68	4.993845e-06
69	1.189090e-05
70	1.705878e-06
71	3.743131e-06
72	3.072346e-06
73	2.751468e-06
74	1.797321e-06
75	8.624276e-06
76	3.203170e-06
77	3.453210e-06
78	1.068094e-06
79	3.084949e-06
80	9.080384e-07
81	9.057636e-06
82	6.092809e-06
83	3.081127e-06
84	1.395805e-06
85	2.126608e-05
86	2.697769e-06
87	5.375963e-07
88	8.370642e-06
89	7.426065e-06
90	1.923347e-06
91	3.731178e-06
92	3.205412e-06
93	6.145814e-07
94	1.546962e-06
95	3.329001e-06
96	2.372028e-06
97	9.776962e-07
98	3.993162e-06
99	6.749267e-06
100	9.972999e-07
101	9.871138e-06
102	1.059599e-06
103	3.154668e-06
104	2.856093e-06
105	4.630876e-06
106	1.081203e-06
107	1.512048e-05
108	1.794076e-06
109	5.577774e-06
110	2.144983e-06
111	1.080060e-06
112	3.292527e-07
113	6.314659e-06
114	1.737630e-06
115	2.420431e-06
116	2.573303e-06
117	1.682201e-06
118	1.977264e-06
119	2.522792e-06
120	2.686649e-06
121	1.535700e-06
122	2.078413e-06
123	1.614127e-06
124	2.068931e-06
125	1.129059e-06
126	3.881096e-06
127	8.096921e-07
128	2.779529e-06
129	3.209308e-06
130	4.164560e-06
131	3.828865e-06
132	1.676991e-06
133	2.464367e-06
134	3.321725e-06
135	1.874044e-06
136	2.882985e-06
137	1.540935e-06
138	2.043094e-07
139	3.879015e-06
140	3.369148e-06
141	2.935196e-06
142	2.497123e-06
143	2.449705e-06
144	1.098091e-06
145	3.166570e-06
146	3.022770e-06
147	4.452475e-06
148	1.651662e-06
149	2.525577e-05
150	5.866951e-07
151	2.919418e-06
152	2.567089e-06
153	5.606685e-06
154	3.839407e-06
155	3.780624e-06
156	1.436741e-06
157	5.242619e-06
158	2.243901e-06
159	4.312631e-06
160	2.434814e-06
161	3.624952e-06
162	2.403109e-06
163	2.548902e-06
164	1.536997e-06
165	5.206618e-06
166	2.231973e-06
167	6.372902e-07
168	4.864767e-06
169	3.243876e-06
170	1.908280e-06
171	1.907349e-05
172	1.596481e-06
173	3.919448e-06
174	1.386470e-06
175	3.121601e-06
176	7.671846e-07
177	2.530157e-06
178	2.413587e-06
179	2.955390e-06
180	3.826268e-06
181	5.550804e-06
182	2.880801e-06
183	5.784908e-07
184	3.404653e-06
185	2.881812e-06
186	3.366391e-06
187	1.405297e-06
188	3.694837e-06
189	4.429748e-06
190	3.527280e-06
191	3.926740e-06
192	1.094261e-06
193	3.980012e-06
194	1.829732e-06
195	4.570229e-06
196	5.937608e-07
197	1.127702e-05
198	3.124529e-06
199	9.298157e-07
200	2.292879e-06
201	2.006684e-06
202	2.955697e-06
203	7.341835e-06
204	2.919511e-06
205	1.808884e-06
206	3.117704e-06
207	6.965429e-06
208	1.749334e-06
209	5.474125e-06
210	1.475306e-06
211	3.886596e-06
212	1.742369e-06
213	1.067192e-05
214	2.488525e-06
215	1.108694e-06
216	1.555696e-06
217	1.624414e-06
218	2.847125e-06
219	5.079898e-06
220	3.130662e-06
221	3.459639e-06
222	4.530545e-06
223	6.160726e-07
224	5.320178e-06
225	2.078266e-06
226	1.162964e-06
227	5.886743e-06
228	3.917501e-06
229	3.141394e-06
230	2.513038e-06
231	2.072947e-06
232	4.879428e-06
233	7.176933e-07
234	2.705946e-06
235	1.388571e-05
236	2.241311e-06
237	2.827799e-06
238	5.529362e-06
239	4.414273e-06
240	8.380072e-07
241	3.025376e-06
242	1.823182e-06
243	1.127895e-06
244	1.296796e-06
245	7.688886e-06
246	2.938743e-06
247	7.296106e-07
248	3.755599e-06
249	4.513729e-06
250	1.733470e-06
251	3.623226e-06
252	6.217445e-07
253	5.690178e-06
254	2.716486e-06
255	1.528118e-06
256	3.742006e-06
257	1.659357e-06
258	8.020211e-07
259	6.654687e-06
260	2.214005e-06
261	5.829457e-06
262	8.042589e-07
263	9.819185e-07
264	2.394575e-07
265	4.589150e-06
266	3.816240e-06
267	5.080171e-06
268	1.221276e-06
269	3.541051e-06
270	3.442200e-06
271	1.432506e-06
272	3.532834e-06
273	2.312627e-06
274	3.328875e-06
275	2.851697e-06
276	1.966370e-06
277	1.398743e-05
278	2.956825e-06
279	2.428429e-06
280	5.876275e-06
281	5.336872e-06
282	4.039765e-06
283	2.312375e-06
284	3.215187e-06
285	3.488551e-06
286	9.325679e-07
287	3.376988e-06
288	1.477065e-06
289	2.918497e-06
290	5.193584e-06
291	5.707387e-07
292	5.677346e-07
293	1.133953e-05
294	2.240133e-06
295	3.919241e-06
296	4.281265e-07
297	2.973701e-06
298	4.602210e-06
299	6.808193e-06
300	6.501525e-07
301	2.190150e-06
302	1.745338e-06
303	3.564352e-06
304	4.598670e-06
305	5.301048e-06
306	1.290835e-06
307	4.401657e-06
308	2.385480e-06
309	1.308208e-05
310	5.964906e-07
311	7.832594e-07
312	2.115931e-06
313	3.454019e-06
314	3.414568e-07
315	2.332431e-06
316	8.759345e-07
317	4.219603e-06
318	1.043930e-06
319	1.707318e-06
320	3.999649e-06
321	3.554563e-06
322	1.367455e-06
323	2.913362e-06
324	7.228645e-07
325	9.053395e-06
326	9.138281e-07
327	3.389753e-06
328	1.764135e-06
329	2.417146e-06
330	1.755348e-06
331	7.309270e-06
332	4.272232e-06
333	6.092662e-06
334	2.423484e-06
335	2.931672e-06
336	6.411828e-07
337	1.312648e-06
338	2.161427e-06
339	3.240679e-06
340	3.317675e-06
341	3.516977e-05
342	1.819651e-06
343	3.673675e-07
344	1.042451e-06
345	1.526331e-06
346	1.133614e-06
347	3.977208e-06
348	2.471259e-06
349	9.512113e-07
350	9.695835e-07
351	2.854063e-06
352	1.962833e-06
353	2.954693e-06
354	6.227735e-07
355	1.255145e-06
356	1.490970e-06
357	5.754746e-06
358	3.230947e-06
359	1.490904e-06
360	1.800136e-06
361	1.195418e-06
362	3.450753e-06
363	2.675791e-06
364	2.779094e-06
365	4.701512e-06
366	3.694766e-06
367	3.283002e-06
368	4.387831e-07
369	1.545808e-06
370	2.044605e-06
371	6.317837e-06
372	1.961202e-06
373	1.391019e-05
374	3.906690e-06
375	2.904375e-06
376	2.556662e-06
377	1.571210e-06
378	3.662297e-06
379	6.441501e-06
380	2.529695e-06
381	9.439668e-06
382	2.314092e-06
383	3.517098e-06
384	1.350386e-06
385	3.227110e-06
386	1.102543e-06
387	4.917232e-06
388	5.649462e-06
389	7.208348e-06
390	1.622916e-06
391	4.080556e-06
392	2.372104e-06
393	8.053456e-07
394	1.690795e-06
395	9.035430e-06
396	2.992866e-06
397	7.703460e-06
398	3.275108e-06
399	3.258830e-06
400	3.458942e-06
401	2.630347e-07
402	3.848208e-06
403	6.547255e-06
404	3.921531e-06
405	1.387098e-05
406	3.986253e-06
407	1.698779e-06
408	4.686353e-06
409	2.169493e-06
410	2.693179e-06
411	3.096127e-06
412	1.917605e-07
413	2.553348e-06
414	2.462114e-06
415	2.514487e-06
416	8.547388e-07
417	2.796656e-06
418	2.425890e-06
419	5.160760e-06
420	3.178595e-06
421	7.398370e-06
422	2.887415e-06
423	3.920209e-06
424	5.093434e-06
425	2.971348e-06
426	3.169207e-06
427	3.191302e-05
428	3.261224e-06
429	3.213722e-06
430	3.639125e-06
431	4.550131e-06
432	4.030018e-06
433	1.339250e-06
434	2.939704e-06
435	2.676774e-06
436	3.082520e-06
437	6.135192e-06
438	1.874692e-06
439	2.846789e-06
440	4.044601e-06
441	3.844069e-06
442	1.476999e-06
443	9.322027e-06
444	5.139830e-07
445	2.816023e-06
446	4.197292e-06
447	4.369130e-06
448	4.561283e-06
449	3.795182e-06
450	2.150902e-06
451	7.469941e-06
452	1.948280e-06
453	4.543855e-06
454	1.113471e-06
455	3.284548e-06
456	1.108687e-06
457	2.081112e-07
458	7.137925e-07
459	4.170160e-06
460	3.409233e-06
461	4.967331e-06
462	1.123472e-06
463	1.695509e-06
464	2.613834e-06
465	2.198537e-06
466	4.526155e-06
467	4.904430e-06
468	1.354925e-06
469	2.844235e-05
470	3.867044e-06
471	1.915591e-06
472	2.420721e-06
473	4.042026e-06
474	1.242977e-06
475	4.716470e-06
476	1.469987e-06
477	5.000396e-06
478	1.460162e-06
479	2.174718e-06
480	4.051965e-06
481	2.609077e-07
482	1.337753e-06
483	3.618333e-06
484	1.983027e-06
485	7.667180e-06
486	3.234963e-06
487	2.991666e-06
488	2.444874e-06
489	5.227047e-07
490	3.025270e-06
491	2.628812e-05
492	1.417455e-06
493	5.919092e-06
494	2.641724e-06
495	3.674072e-06
496	1.057653e-06
497	1.577539e-06
498	1.818868e-06
499	4.167194e-06
500	2.751522e-06
501	1.545203e-05
502	1.680243e-06
503	2.041208e-06
504	1.649527e-06
505	3.508431e-06
506	7.270575e-07
507	4.420292e-06
508	4.051319e-06
509	4.882726e-06
510	3.530958e-07
511	3.074221e-06
512	1.301714e-06
513	7.731921e-06
514	1.165607e-06
515	6.392519e-06
516	1.574185e-06
517	3.496655e-06
518	1.253458e-06
519	2.569900e-06
520	1.117843e-07
521	4.803893e-07
522	2.359751e-06
523	1.044437e-05
524	3.654887e-06
525	2.579441e-06
526	2.216993e-06
527	1.068548e-06
528	2.004856e-06
529	2.372803e-06
530	3.667915e-06
531	8.001827e-06
532	2.462321e-06
533	1.425334e-05
534	2.382907e-06
535	1.779247e-06
536	2.198475e-06
537	4.242011e-06
538	8.586110e-07
539	7.429632e-06
540	2.628690e-06
541	2.636105e-06
542	1.528686e-06
543	5.437976e-07
544	1.079036e-06
545	1.406842e-06
546	2.794257e-06
547	1.440423e-06
548	1.462888e-06
549	4.130136e-06
550	1.613034e-06
551	6.510082e-07
552	3.052272e-06
553	6.371447e-06
554	2.717922e-06
555	1.245933e-05
556	6.055503e-07
557	6.419076e-06
558	2.583651e-06
559	3.037541e-06
560	1.335197e-06
561	2.764306e-06
562	1.613871e-06
563	2.794605e-06
564	8.947209e-07
565	6.467374e-06
566	2.362632e-06
567	1.661666e-06
568	1.368748e-06
569	4.311839e-06
570	4.013029e-06
571	1.794649e-06
572	2.199042e-06
573	1.697893e-06
574	7.545082e-07
575	4.524006e-07
576	3.111015e-06
577	5.547702e-06
578	2.991066e-06
579	6.974018e-06
580	2.953150e-06
581	4.348336e-06
582	2.412063e-06
583	3.819591e-06
584	3.075773e-06
585	2.376943e-06
586	9.450971e-07
587	1.310203e-05
588	1.062671e-06
589	2.763332e-07
590	1.218710e-06
591	1.214856e-06
592	4.647018e-06
593	3.111669e-06
594	2.196768e-06
595	4.031852e-06
596	2.478539e-06
597	3.453069e-05
598	4.780463e-06
599	3.846075e-06
600	2.013193e-06
601	6.242412e-06
602	2.394891e-06
603	1.536464e-06
604	4.884945e-06
605	1.792262e-06
606	7.552878e-07
607	5.288855e-06
608	3.515935e-06
609	2.854295e-06
610	2.720564e-06
611	3.777628e-06
612	5.670028e-06
613	3.837412e-06
614	2.447670e-06
615	4.890481e-06
616	6.109065e-07
617	9.015322e-07
618	2.558981e-06
619	1.536927e-05
620	1.997321e-06
621	7.058563e-06
622	4.983239e-07
623	5.073631e-06
624	6.949098e-07
625	5.111038e-06
626	2.204434e-06
627	2.546993e-06
628	6.630268e-06
629	1.190376e-05
630	2.235129e-06
631	2.501610e-06
632	1.505441e-06
633	5.157082e-06
634	1.882042e-06
635	4.606772e-06
636	3.391988e-06
637	7.967102e-06
638	1.732484e-06
639	2.163927e-06
640	3.204065e-06
641	6.946029e-06
642	1.886687e-06
643	7.614539e-07
644	2.193925e-06
645	1.122471e-05
646	2.631300e-06
647	3.978533e-06
648	2.413771e-06
649	2.684938e-06
650	2.559013e-06
651	1.276045e-05
652	1.810080e-06
653	2.239282e-06
654	3.316826e-06
655	3.567419e-06
656	1.035589e-06
657	1.263334e-06
658	2.170568e-06
659	3.688748e-06
660	1.790782e-06
661	1.069053e-05
662	4.895258e-06
663	1.087468e-06
664	2.589406e-06
665	3.301245e-06
666	2.298381e-06
667	2.062393e-06
668	1.370508e-06
669	2.534550e-06
670	4.243396e-06
671	4.488686e-07
672	2.027895e-06
673	1.581673e-06
674	1.581818e-06
675	4.104889e-06
676	2.161408e-06
677	2.591777e-06
678	3.374178e-06
679	9.136880e-07
680	1.378592e-06
681	4.336020e-06
682	1.998312e-06
683	3.145680e-05
684	1.437124e-06
685	3.277354e-06
686	5.698656e-07
687	3.256811e-06
688	6.232595e-06
689	4.217448e-06
690	3.426820e-06
691	5.616360e-06
692	1.639820e-06
693	5.738267e-06
694	1.698173e-06
695	2.354963e-07
696	2.175096e-06
697	4.084268e-06
698	1.455203e-06
699	7.971328e-06
700	2.934855e-06
701	1.374964e-06
702	2.783190e-06
703	2.917789e-06
704	3.851696e-06
705	2.495476e-06
706	1.838496e-06
707	5.316347e-06
708	3.880041e-06
709	6.532213e-06
710	5.378664e-06
711	8.777747e-07
712	4.492959e-06
713	2.682715e-06
714	1.881433e-06
715	8.979748e-06
716	2.073741e-06
717	7.481491e-06
718	7.882758e-07
719	3.835029e-06
720	3.319581e-06
721	4.151691e-06
722	2.938598e-06
723	5.600072e-06
724	1.277440e-06
725	2.284946e-05
726	2.674345e-06
727	4.877363e-06
728	1.502625e-06
729	2.118511e-06
730	5.265935e-07
731	2.173676e-06
732	2.207263e-06
733	7.996280e-07
734	3.008577e-06
735	8.884785e-07
736	1.253290e-06
737	2.349488e-06
738	2.406466e-06
739	2.878944e-06
740	3.398873e-06
741	1.242712e-05
742	1.542852e-06
743	1.887868e-06
744	2.623391e-06
745	6.351567e-07
746	2.082856e-06
747	1.783411e-05
748	2.829308e-06
749	5.731359e-06
750	1.115703e-06
751	3.610622e-06
752	2.934219e-06
753	4.273709e-06
754	3.372810e-06
755	1.826705e-06
756	2.511432e-06
757	1.754501e-06
758	2.504360e-06
759	1.067312e-06
760	3.209488e-06
761	1.487051e-06
762	1.850196e-06
763	3.249370e-06
764	2.487504e-06
765	8.021944e-06
766	6.067494e-07
767	3.774502e-06
768	2.739107e-06
769	4.070265e-06
770	3.228621e-06
771	3.602503e-06
772	3.857635e-06
773	1.864515e-06
774	4.124675e-06
775	1.877467e-06
776	1.727590e-06
777	2.915351e-07
778	3.063012e-06
779	2.480922e-06
780	3.547106e-06
781	3.104063e-06
782	1.916620e-06
783	1.995819e-06
784	5.213447e-06
785	4.130006e-06
786	1.026180e-06
787	3.784945e-06
788	3.284287e-06
789	1.207613e-05
790	1.225940e-06
791	4.408051e-06
792	3.083164e-06
793	8.268333e-06
794	2.006774e-06
795	4.129871e-06
796	2.624276e-06
797	1.470900e-06
798	2.704663e-06
799	6.146607e-06
800	2.140480e-06
801	2.444638e-06
802	2.431255e-06
803	4.644825e-06
804	8.216523e-07
805	4.744613e-06
806	6.836693e-06
807	2.155446e-06
808	1.436162e-06
809	3.776692e-07
810	5.841635e-07
811	1.900957e-05
812	3.107530e-06
813	6.781623e-06
814	1.351319e-06
815	3.668292e-06
816	2.486962e-06
817	1.048269e-06
818	2.794621e-06
819	3.688314e-06
820	1.635704e-06
821	1.402606e-05
822	5.132056e-06
823	2.282929e-06
824	2.065015e-06
825	1.348070e-06
826	1.500245e-06
827	7.597122e-06
828	3.168176e-06
829	9.029926e-06
830	2.247483e-06
831	1.648120e-06
832	3.666296e-06
833	4.584510e-06
834	2.205301e-06
835	1.773860e-06
836	3.137925e-06
837	4.103878e-06
838	8.991318e-07
839	2.130249e-06
840	2.877457e-06
841	3.321947e-06
842	2.116252e-06
843	3.878174e-06
844	2.155631e-06
845	4.317881e-06
846	5.727832e-07
847	2.444928e-06
848	1.704448e-06
849	4.244621e-06
850	5.098697e-06
851	1.793693e-06
852	7.684961e-07
853	1.953171e-05
854	2.778740e-06
855	2.815979e-06
856	1.482896e-06
857	6.404755e-06
858	1.546548e-06
859	9.492054e-06
860	2.338947e-07
861	2.875944e-06
862	1.879582e-06
863	2.839511e-06
864	1.957791e-06
865	3.139096e-06
866	3.698843e-06
867	3.486822e-06
868	1.883816e-06
869	4.940103e-06
870	2.442579e-06
871	1.589830e-06
872	1.433926e-06
873	3.156412e-06
874	2.335017e-06
875	9.224829e-06
876	3.839198e-06
877	4.808703e-06
878	4.069679e-06
879	3.293403e-06
880	2.027773e-06
881	3.840196e-06
882	2.009243e-06
883	8.566826e-06
884	1.746933e-06
885	2.700563e-06
886	1.322365e-06
887	2.333653e-06
888	2.425937e-06
889	1.444491e-06
890	5.897560e-07
891	3.351790e-06
892	4.128464e-06
893	3.650851e-06
894	1.522675e-06
895	1.322368e-06
896	1.386894e-06
897	4.952064e-06
898	2.585709e-06
899	5.070198e-06
900	1.360510e-06
901	4.230798e-06
902	2.940562e-06
903	3.679042e-06
904	1.644331e-06
905	2.385725e-06
906	3.108824e-06
907	9.738180e-06
908	3.402142e-06
909	2.706667e-06
910	3.134571e-06
911	5.300275e-06
912	1.441507e-06
913	7.345436e-07
914	1.650123e-06
915	2.049998e-06
916	2.610669e-06
917	5.976936e-06
918	3.082071e-06
919	2.583514e-06
920	1.011201e-06
921	8.498970e-07
922	1.487799e-06
923	4.590194e-06
924	2.980034e-06
925	3.804931e-06
926	1.606863e-06
927	2.261045e-06
928	5.344295e-06
929	2.137213e-06
930	1.634750e-06
931	5.486859e-06
932	5.079230e-06
933	5.241839e-06
934	2.515823e-06
935	3.481157e-06
936	1.448309e-06
937	3.733908e-06
938	3.246171e-06
939	3.715108e-05
940	3.547229e-06
941	7.048935e-06
942	1.445322e-06
943	2.273941e-06
944	2.400953e-06
945	5.507844e-06
946	1.909051e-06
947	1.625639e-06
948	3.414311e-06
949	3.227375e-06
950	1.336338e-06
951	1.506656e-06
952	1.707918e-06
953	3.124426e-06
954	3.738901e-06
955	7.049304e-06
956	2.817840e-06
957	6.052897e-06
958	2.749081e-06
959	5.543393e-06
960	1.286512e-06
961	5.334560e-06
962	2.034965e-06
963	3.737960e-06
964	1.802946e-06
965	4.677258e-06
966	4.157250e-06
967	2.828513e-06
968	2.618452e-06
969	3.912334e-06
970	7.740825e-07
971	5.898113e-06
972	1.423571e-06
973	5.215735e-06
974	1.931633e-06
975	3.656174e-07
976	3.378941e-06
977	1.266733e-06
978	2.593855e-06
979	3.757240e-06
980	2.028088e-06
981	6.601875e-06
982	7.477966e-06
983	2.617673e-06
984	1.277609e-06
985	1.129816e-06
986	3.287786e-06
987	1.335665e-06
988	3.846589e-06
989	7.428017e-06
990	1.068881e-06
991	4.217287e-06
992	3.579967e-06
993	2.780942e-06
994	2.110694e-06
995	5.142965e-06
996	2.342457e-06
997	7.172119e-06
998	5.509456e-06
999	1.332662e-06
1000	3.269104e-06
1001	5.246634e-06
1002	9.920190e-07
1003	1.705984e-05
1004	2.846159e-06
1005	2.258126e-06
1006	5.707956e-07
1007	2.048681e-06
1008	5.157122e-06
1009	1.255410e-06
1010	1.208900e-06
1011	5.340411e-06
1012	2.324234e-06
1013	1.352621e-06
1014	1.343341e-06
1015	1.004774e-06
1016	3.455508e-06
1017	2.402374e-06
1018	4.171473e-06
1019	5.615560e-06
1020	2.734937e-06
1021	5.712824e-06
1022	2.210103e-06
1023	1.179201e-06
1024	2.730251e-06
1025	8.088550e-06
1026	1.067344e-06
1027	3.115631e-06
1028	2.120974e-06
1029	6.088923e-06
1030	3.057700e-06
1031	1.244602e-06
1032	3.588024e-06
1033	1.139079e-06
1034	4.660229e-06
1035	6.241497e-06
1036	6.803404e-07
1037	4.787014e-06
1038	2.820191e-06
1039	1.787467e-06
1040	2.251597e-06
1041	1.803547e-06
1042	2.961636e-06
1043	5.931606e-06
1044	2.549002e-06
1045	1.945122e-05
1046	2.578891e-06
1047	2.127035e-06
1048	9.754841e-07
1049	1.030352e-06
1050	3.090254e-06
1051	3.396567e-06
1052	1.533543e-06
1053	2.412081e-06
1054	1.881795e-06
1055	5.757933e-07
1056	1.746306e-06
1057	3.774446e-06
1058	4.173535e-06
1059	4.846609e-06
1060	1.296408e-07
1061	8.446379e-06
1062	3.556517e-06
1063	6.605238e-06
1064	2.032673e-06
1065	4.425146e-06
1066	3.156831e-06
1067	1.674371e-05
1068	9.211678e-07
1069	1.829184e-06
1070	3.352650e-06
1071	2.866656e-06
1072	5.816334e-06
1073	2.864391e-06
1074	2.177233e-06
1075	3.698237e-06
1076	2.443162e-06
1077	5.654430e-06
1078	1.387605e-06
1079	2.781135e-06
1080	1.115526e-06
1081	2.401726e-06
1082	1.761923e-06
1083	1.142077e-05
1084	1.582780e-06
1085	1.017364e-05
1086	1.595938e-06
1087	5.762724e-07
1088	1.574444e-06
1089	2.704212e-06
1090	2.695188e-06
1091	2.362763e-06
1092	3.076769e-06
1093	4.509300e-06
1094	5.739903e-07
1095	1.083066e-06
1096	3.704642e-06
1097	3.505349e-06
1098	1.358966e-06
1099	3.684757e-06
1100	2.810459e-06
1101	6.496636e-06
1102	3.709751e-06
1103	1.848480e-06
1104	3.333104e-06
1105	2.472604e-06
1106	4.758622e-07
1107	5.948810e-06
1108	4.482238e-06
1109	2.220751e-05
1110	2.068472e-06
1111	2.556380e-06
1112	6.741810e-06
1113	4.271511e-06
1114	2.187755e-06
1115	2.774618e-06
1116	3.278093e-06
1117	3.020039e-06
1118	7.730522e-07
1119	7.175412e-06
1120	3.214142e-06
1121	2.588805e-06
1122	6.349355e-07
1123	1.748768e-06
1124	4.618363e-06
1125	1.791574e-06
1126	5.192439e-06
1127	5.619957e-06
1128	1.686497e-06
1129	3.132921e-06
1130	2.706779e-06
1131	1.948399e-05
1132	2.729499e-06
1133	3.874578e-06
1134	2.994075e-06
1135	1.335538e-06
1136	4.326852e-06
1137	1.930537e-06
1138	4.356282e-06
1139	2.204613e-06
1140	4.980085e-06
1141	5.019049e-06
1142	7.716186e-08
1143	2.230804e-06
1144	1.587354e-06
1145	3.577444e-06
1146	1.266590e-06
1147	1.240203e-05
1148	4.580258e-06
1149	1.083729e-06
1150	4.306231e-06
1151	3.823991e-06
1152	1.516031e-06
1153	3.688344e-06
1154	7.602207e-07
1155	4.068298e-06
1156	5.955976e-06
1157	3.287003e-06
1158	1.003161e-06
1159	1.327672e-06
1160	2.786239e-06
1161	1.427868e-06
1162	2.817183e-06
1163	8.198797e-06
1164	3.511972e-06
1165	5.302000e-06
1166	2.761206e-06
1167	2.425457e-06
1168	2.590559e-06
1169	7.473758e-06
1170	2.212233e-06
1171	6.362212e-06
1172	2.126212e-06
1173	2.022266e-06
1174	3.496855e-06
1175	4.129237e-06
1176	3.882644e-06
1177	4.157490e-06
1178	5.021988e-07
1179	1.938429e-06
1180	2.464967e-06
1181	6.415837e-06
1182	1.148808e-06
1183	1.763460e-06
1184	1.250198e-06
1185	2.166908e-06
1186	2.500773e-06
1187	8.188014e-07
1188	3.269511e-06
1189	7.954248e-06
1190	1.410462e-06
1191	2.951043e-06
1192	2.313653e-06
1193	6.027536e-06
1194	3.637837e-06
1195	8.529922e-06
1196	4.108056e-06
1197	7.827375e-06
1198	1.543196e-06
1199	2.415029e-06
1200	3.674489e-06
1201	1.319471e-06
1202	1.685179e-06
1203	8.447642e-06
1204	2.914452e-06
1205	4.946211e-06
1206	1.689522e-06
1207	2.039882e-06
1208	2.994166e-06
1209	4.657330e-06
1210	1.623080e-06
1211	4.586700e-06
1212	3.030388e-06
1213	2.692449e-06
1214	6.450298e-07
1215	1.938590e-06
1216	2.360176e-06
1217	2.481119e-06
1218	3.467495e-06
1219	2.818209e-06
1220	2.563567e-06
1221	5.334210e-06
1222	5.521527e-06
1223	1.374798e-06
1224	2.753105e-06
1225	7.711423e-07
1226	2.197853e-06
1227	4.427469e-06
1228	2.602113e-06
1229	2.024106e-06
1230	2.505082e-06
1231	5.186306e-06
1232	3.020117e-06
1233	6.033769e-06
1234	1.977330e-06
1235	3.816468e-06
1236	2.850407e-06
1237	7.484173e-06
1238	7.682596e-07
1239	1.690183e-06
1240	3.711365e-07
1241	4.027886e-06
1242	3.234472e-06
1243	5.224032e-06
1244	4.229123e-06
1245	3.067991e-06
1246	2.147840e-06
1247	2.801607e-06
1248	2.051150e-06
1249	2.961908e-06
1250	2.250943e-06
1251	4.162888e-06
1252	6.451264e-07
1253	8.635231e-06
1254	1.944189e-06
1255	2.883902e-06
1256	2.712717e-06
1257	6.981367e-06
1258	3.120575e-06
1259	3.932100e-05
1260	2.570813e-06
1261	1.510647e-06
1262	3.314379e-06
1263	2.426924e-06
1264	3.447793e-06
1265	1.254064e-06
1266	2.480486e-06
1267	2.606209e-06
1268	2.648737e-06
1269	6.805046e-06
1270	5.671628e-06
1271	9.415786e-07
1272	2.360644e-06
1273	2.873237e-06
1274	4.327510e-06
1275	9.465412e-06
1276	3.438674e-06
1277	4.999255e-06
1278	3.142806e-06
1279	2.685575e-06
1280	1.968393e-06
1281	4.048805e-06
1282	1.925545e-06
1283	4.985116e-06
1284	9.520748e-07
1285	5.082718e-06
1286	1.993497e-06
1287	4.192939e-06
1288	2.928954e-06
1289	3.983259e-08
1290	1.630414e-06
1291	1.238596e-06
1292	1.435571e-06
1293	2.030245e-06
1294	5.693320e-07
1295	1.431117e-06
1296	2.342879e-06
1297	2.194135e-06
1298	2.717415e-06
1299	5.824493e-06
1300	3.078765e-06
1301	1.407687e-06
1302	3.128025e-06
1303	5.054591e-06
1304	3.511321e-06
1305	3.684400e-06
1306	1.735055e-06
1307	4.635412e-06
1308	6.135871e-06
1309	1.400819e-06
1310	1.856195e-06
1311	2.144941e-06
1312	3.067629e-06
1313	3.015220e-07
1314	3.413897e-06
1315	4.179294e-06
1316	3.678788e-06
1317	7.282915e-06
1318	3.650462e-06
1319	2.560360e-06
1320	3.359305e-06
1321	6.656482e-06
1322	2.631383e-06
1323	1.901726e-05
1324	5.017278e-07
1325	2.214748e-06
1326	1.379808e-06
1327	1.913909e-06
1328	2.004389e-06
1329	9.371297e-06
1330	2.765111e-06
1331	3.445453e-06
1332	8.081398e-07
1333	6.613150e-06
1334	1.564714e-06
1335	2.512153e-06
1336	3.046275e-06
1337	1.575591e-06
1338	1.521853e-06
1339	6.165673e-06
1340	5.486196e-07
1341	6.755592e-06
1342	2.558856e-06
1343	7.540822e-06
1344	6.604644e-06
1345	6.391087e-06
1346	1.596399e-06
1347	8.435607e-06
1348	5.104448e-07
1349	3.070080e-06
1350	2.927729e-07
1351	3.887894e-07
1352	9.780482e-07
1353	8.736989e-06
1354	8.135299e-07
1355	1.921462e-06
1356	2.352012e-06
1357	2.933715e-06
1358	1.634977e-06
1359	4.537849e-06
1360	3.418470e-06
1361	3.863671e-06
1362	6.323949e-07
1363	4.018169e-06
1364	4.921282e-06
1365	2.359260e-05
1366	2.342091e-06
1367	2.109197e-06
1368	2.159868e-06
1369	7.076249e-06
1370	2.487910e-06
1371	5.572537e-06
1372	2.721687e-06
1373	3.047273e-06
1374	1.293491e-06
1375	2.330746e-06
1376	9.869163e-07
1377	4.674819e-07
1378	1.732121e-06
1379	5.335205e-06
1380	3.295601e-06
1381	2.160179e-06
1382	4.169992e-06
1383	5.381323e-06
1384	2.259552e-06
1385	2.013697e-06
1386	8.930335e-07
1387	1.398909e-05
1388	8.213299e-07
1389	2.730186e-06
1390	1.915399e-06
1391	3.970272e-06
1392	2.890396e-06
1393	6.714414e-07
1394	1.424954e-06
1395	8.473330e-06
1396	3.762785e-06
1397	3.083039e-06
1398	1.381663e-06
1399	9.913813e-07
1400	3.073645e-06
1401	3.280751e-06
1402	2.708046e-07
1403	1.233744e-05
1404	1.735357e-06
1405	5.696946e-06
1406	3.863737e-06
1407	3.874716e-06
1408	1.295459e-06
1409	3.433617e-06
1410	4.791934e-06
1411	2.623944e-06
1412	3.373684e-06
1413	2.774526e-06
1414	2.393102e-06
1415	1.462398e-06
1416	4.300983e-06
1417	4.104467e-06
1418	2.250373e-06
1419	1.036808e-05
1420	2.163668e-06
1421	6.099547e-06
1422	1.977039e-06
1423	2.725906e-06
1424	2.283899e-06
1425	2.623843e-06
1426	1.943170e-06
1427	3.794176e-06
1428	3.093808e-06
1429	2.208906e-05
1430	1.128421e-06
1431	1.823173e-06
1432	2.314681e-06
1433	5.390335e-06
1434	5.364366e-06
1435	6.028409e-06
1436	4.109636e-06
1437	4.802700e-06
1438	1.518330e-06
1439	3.157892e-06
1440	2.451513e-06
1441	1.233156e-06
1442	5.792976e-07
1443	7.203206e-06
1444	2.955404e-06
1445	9.921354e-07
1446	3.908457e-06
1447	6.332786e-06
1448	1.160447e-06
1449	2.918033e-06
1450	4.259174e-07
1451	2.984911e-05
1452	3.379439e-06
1453	2.912456e-06
1454	1.615576e-06
1455	2.837416e-06
1456	1.625395e-06
1457	2.606088e-06
1458	2.008879e-06
1459	2.829025e-06
1460	4.859083e-06
1461	4.822606e-06
1462	4.860612e-06
1463	6.436789e-06
1464	3.667227e-06
1465	7.994912e-06
1466	1.588131e-06
1467	1.257478e-05
1468	3.145619e-06
1469	5.701689e-06
1470	2.624367e-06
1471	2.012169e-06
1472	2.915042e-06
1473	4.857749e-06
1474	2.626124e-06
1475	1.231497e-05
1476	1.704402e-06
1477	4.655976e-06
1478	1.178720e-06
1479	1.723562e-06
1480	1.947215e-06
1481	1.738896e-06
1482	1.099714e-06
1483	9.165342e-06
1484	2.185406e-06
1485	1.829821e-06
1486	2.661924e-06
1487	5.746591e-06
1488	3.231999e-06
1489	3.672305e-06
1490	3.471325e-06
1491	8.372689e-06
1492	1.190421e-06
1493	8.957584e-06
1494	2.879174e-06
1495	3.056511e-06
1496	6.138795e-06
1497	3.683541e-06
1498	2.141753e-06
1499	8.600131e-06
1500	2.347346e-06
1501	6.644651e-06
1502	1.974176e-06
1503	2.508494e-06
1504	3.169722e-06
1505	4.399647e-06
1506	1.154451e-06
1507	1.933859e-06
1508	4.024821e-06
1509	6.376867e-06
1510	1.861131e-06
1511	7.624660e-06
1512	5.516977e-06
1513	1.241039e-06
1514	1.984048e-06
1515	2.215621e-05
1516	3.745252e-06
1517	8.840696e-07
1518	1.269087e-06
1519	8.833934e-06
1520	2.029973e-06
1521	4.371796e-06
1522	2.098066e-06
1523	3.492900e-06
1524	4.053628e-06
1525	6.758793e-06
1526	2.426767e-06
1527	1.123416e-06
1528	1.636963e-06
1529	2.778799e-06
1530	2.483758e-06
1531	8.132399e-06
1532	1.709429e-06
1533	7.254681e-06
1534	1.708100e-06
1535	3.106628e-06
1536	4.891426e-06
1537	1.760802e-06
1538	2.268928e-06
1539	4.124378e-06
1540	1.034664e-06
1541	1.775327e-06
1542	2.873609e-06
1543	3.348145e-06
1544	2.175199e-06
1545	5.769871e-06
1546	4.088865e-06
1547	1.259717e-05
1548	4.063063e-06
1549	5.951202e-06
1550	3.493906e-06
1551	3.770604e-06
1552	3.632433e-06
1553	7.859473e-06
1554	8.825704e-07
1555	3.447354e-06
1556	1.672231e-06
1557	1.312785e-05
1558	5.645712e-06
1559	1.389000e-06
1560	6.938897e-07
1561	7.317334e-07
1562	4.073846e-06
1563	3.729971e-06
1564	4.478176e-06
1565	3.634877e-06
1566	1.511882e-06
1567	5.466195e-06
1568	7.351366e-07
1569	2.259068e-06
1570	3.449385e-06
1571	1.151887e-06
1572	3.107481e-06
1573	1.067657e-05
1574	4.783606e-08
1575	2.347928e-06
1576	3.713018e-07
1577	6.747135e-06
1578	3.286486e-06
1579	3.309374e-05
1580	1.085022e-06
1581	4.361374e-06
1582	2.391803e-06
1583	2.806548e-07
1584	1.905986e-06
1585	3.326286e-06
1586	2.287093e-06
1587	3.854238e-06
1588	3.751909e-06
1589	9.648572e-06
1590	4.710286e-06
1591	2.598668e-06
1592	1.475442e-06
1593	2.530112e-06
1594	8.979356e-07
1595	6.640935e-06
1596	7.057810e-07
1597	4.481982e-06
1598	2.627616e-06
1599	2.165398e-06
1600	1.008528e-06
1601	3.617136e-06
1602	3.516396e-07
1603	2.839462e-06
1604	3.931188e-07
1605	4.894061e-06
1606	1.090250e-06
1607	5.405438e-06
1608	1.115767e-06
1609	4.299942e-06
1610	2.137873e-06
1611	6.325761e-06
1612	2.188140e-06
1613	2.714368e-06
1614	1.390991e-06
1615	3.761134e-06
1616	1.820790e-06
1617	6.142827e-06
1618	2.753872e-07
1619	1.244896e-06
1620	3.302844e-06
1621	1.919052e-05
1622	1.409796e-06
1623	3.034040e-06
1624	2.843069e-06
1625	1.500111e-06
1626	6.262439e-07
1627	4.025281e-06
1628	2.132520e-06
1629	2.942449e-06
1630	3.967484e-06
1631	2.046354e-06
1632	4.355479e-07
1633	2.553708e-06
1634	3.679538e-06
1635	1.697254e-06
1636	2.106646e-06
1637	2.851033e-06
1638	2.739900e-06
1639	2.754917e-06
1640	2.095849e-06
1641	3.780563e-06
1642	2.475752e-06
1643	1.250835e-05
1644	8.495537e-07
1645	5.557210e-06
1646	4.130841e-07
1647	3.552280e-06
1648	3.337474e-07
1649	6.856674e-06
1650	1.995608e-06
1651	1.224605e-05
1652	1.737860e-06
1653	1.074851e-05
1654	3.392554e-06
1655	4.494325e-06
1656	8.210224e-07
1657	3.174126e-06
1658	4.489194e-06
1659	8.672655e-06
1660	7.484643e-07
1661	6.525291e-06
1662	2.501400e-06
1663	6.813255e-06
1664	5.791564e-06
1665	5.120426e-06
1666	2.645058e-06
1667	1.212277e-06
1668	1.403112e-06
1669	9.116143e-06
1670	2.105969e-06
1671	1.297923e-06
1672	3.242166e-06
1673	7.137799e-06
1674	1.657676e-06
1675	1.822624e-05
1676	1.871166e-06
1677	7.007407e-06
1678	3.703168e-06
1679	4.742952e-06
1680	5.416172e-06
1681	1.837847e-06
1682	3.235021e-06
1683	4.107676e-06
1684	1.160414e-06
1685	1.010169e-05
1686	9.139068e-07
1687	1.949881e-06
1688	4.133380e-06
1689	9.782292e-06
1690	2.453749e-06
1691	4.103775e-06
1692	9.300594e-06
1693	1.691751e-05
1694	1.159929e-05
1695	1.522410e-05
1696	2.197465e-05
1697	3.826234e-05
1698	5.543933e-05
1699	9.392066e-05
1700	1.631466e-04
1701	3.201737e-04
1702	7.048617e-04
1703	1.927455e-03
1704	7.506444e-03
1705	6.402071e-02
1706	5.962988e+01
1707	1.988163e+03
1708	1.166237e-01
1709	1.044698e-02
1710	2.427351e-03
1711	8.410233e-04
1712	3.680010e-04
1713	1.829042e-04
1714	1.028894e-04
1715	6.733979e-05
1716	4.011563e-05
1717	2.201106e-05
1718	1.625894e-05
1719	1.980984e-05
1720	8.399252e-06
1721	1.118756e-05
1722	6.122037e-06
1723	5.947351e-06
1724	4.996931e-06
1725	4.665776e-06
1726	2.374989e-06
1727	3.382840e-06
1728	4.363104e-06
1729	2.883297e-06
1730	1.857370e-06
1731	5.750742e-07
1732	2.600884e-06
1733	2.254906e-06
1734	2.690807e-06
1735	3.254001e-06
1736	3.547115e-06
1737	2.414480e-06
1738	2.329288e-06
1739	1.020941e-05
1740	1.753779e-06
1741	3.288027e-06
1742	5.725439e-06
1743	3.844221e-06
1744	3.633708e-06
1745	2.499987e-06
1746	1.038287e-06
1747	2.852518e-06
1748	9.271111e-07
1749	2.293031e-05
1750	2.841658e-06
1751	8.758682e-07
1752	3.602611e-06
1753	9.509333e-05
1754	2.046575e-01
1755	3.913767e-05
1756	1.939609e-06
1757	7.479402e-06
1758	3.014053e-06
1759	3.195532e-06
1760	2.492862e-06
1761	3.562785e-06
1762	3.452547e-06
1763	4.353246e-06
1764	2.523234e-06
1765	5.371327e-06
1766	2.912407e-06
1767	3.541914e-06
1768	1.995351e-07
1769	1.461592e-06
1770	5.330417e-07
1771	2.847371e-05
1772	8.739831e-07
1773	4.489055e-06
1774	1.521998e-06
1775	4.958541e-07
1776	1.692228e-06
1777	1.855258e-06
1778	2.391482e-06
1779	2.407119e-06
1780	2.115066e-06
1781	6.995715e-06
1782	2.914640e-06
1783	4.860335e-06
1784	2.787026e-06
1785	4.155739e-06
1786	2.482316e-06
1787	8.383582e-06
1788	4.202405e-06
1789	7.136149e-06
1790	7.597689e-07
1791	2.281457e-06
1792	1.760399e-06
1793	3.372866e-06
1794	3.035883e-06
1795	1.039011e-05
1796	2.602692e-06
1797	6.822434e-06
1798	3.104110e-06
1799	1.453408e-06
1800	1.679055e-06
1801	4.291154e-06
1802	1.430480e-06
1803	3.962309e-06
1804	1.582945e-06
1805	4.514213e-06
1806	3.387936e-06
1807	2.489841e-06
1808	7.481530e-06
1809	2.521264e-06
1810	1.849768e-06
1811	7.165183e-06
1812	1.281709e-06
1813	2.025208e-05
1814	2.565651e-06
1815	1.455443e-06
1816	2.085535e-06
1817	1.383294e-06
1818	4.624641e-06
1819	8.729990e-06
1820	2.429637e-06
1821	1.842719e-06
1822	2.378038e-06
1823	3.590272e-06
1824	2.333270e-06
1825	4.820951e-06
1826	2.953333e-06
1827	5.351990e-07
1828	6.329861e-07
1829	9.312640e-06
1830	3.385493e-06
1831	8.674611e-06
1832	6.169659e-07
1833	4.673764e-06
1834	4.963889e-06
1835	2.535455e-05
1836	2.003873e-06
1837	2.430619e-06
1838	4.232573e-06
1839	2.176561e-06
1840	1.901055e-06
1841	4.259754e-06
1842	3.523026e-06
1843	2.383069e-06
1844	1.605429e-06
1845	8.284894e-06
1846	3.148788e-07
1847	2.681594e-06
1848	8.896693e-07
1849	4.802131e-06
1850	8.218186e-07
1851	4.340291e-06
1852	3.859055e-06
1853	6.130782e-06
1854	2.873962e-06
1855	4.590260e-06
1856	2.983061e-06
1857	5.209847e-06
1858	9.169399e-07
1859	4.484974e-06
1860	9.954353e-07
1861	5.709888e-06
1862	6.268284e-07
1863	6.422452e-06
1864	2.544430e-06
1865	4.906361e-06
1866	4.057058e-06
1867	1.843125e-05
1868	2.826228e-06
1869	4.223034e-06
1870	4.760567e-06
1871	1.201977e-06
1872	1.737024e-06
1873	5.171134e-06
1874	3.303015e-06
1875	9.427489e-07
1876	2.793341e-07
1877	1.283191e-05
1878	3.496514e-06
1879	2.647128e-06
1880	1.703251e-06
1881	3.284869e-06
1882	3.893954e-06
1883	3.941062e-06
1884	2.893663e-06
1885	1.501008e-06
1886	1.653729e-06
1887	7.126209e-06
1888	1.073571e-06
1889	5.759055e-06
1890	7.320419e-07
1891	2.736544e-06
1892	4.384062e-06
1893	2.553229e-06
1894	2.645635e-06
1895	1.146344e-06
1896	1.480226e-06
1897	2.965792e-06
1898	3.318175e-06
1899	2.680405e-05
1900	2.408047e-06
1901	3.188970e-06
1902	3.407318e-06
1903	1.804995e-06
1904	1.299332e-06
1905	1.999243e-06
1906	1.258473e-06
1907	2.280912e-06
1908	3.382383e-06
1909	7.999542e-06
1910	2.018137e-06
1911	3.022235e-06
1912	8.680362e-07
1913	2.985758e-07
1914	1.675640e-06
1915	1.158559e-06
1916	4.019670e-06
1917	5.952866e-06
1918	1.766121e-06
1919	1.223233e-06
1920	4.463557e-06
1921	5.393046e-06
1922	3.553371e-06
1923	1.928919e-06
1924	4.942008e-06
1925	1.712116e-06
1926	2.545336e-06
1927	1.448633e-06
1928	6.928749e-07
1929	4.560886e-06
1930	1.547949e-06
1931	2.501796e-06
1932	1.787553e-06
1933	2.229425e-06
1934	2.496133e-06
1935	5.650780e-06
1936	2.056517e-06
1937	5.138048e-06
1938	4.862861e-06
1939	3.075768e-06
1940	2.623124e-06
1941	2.328663e-05
1942	2.216866e-06
1943	3.750803e-06
1944	2.361113e-06
1945	2.955861e-06
1946	1.477514e-06
1947	1.784047e-06
1948	3.392384e-06
1949	3.056005e-06
1950	4.711245e-06
1951	3.017541e-06
1952	2.672583e-07
1953	3.353518e-06
1954	1.324748e-06
1955	5.714695e-06
1956	2.837276e-06
1957	3.517456e-06
1958	3.641466e-06
1959	3.311439e-06
1960	3.356296e-06
1961	2.755732e-06
1962	1.751201e-06
1963	1.404266e-05
1964	5.116832e-07
1965	6.465664e-06
1966	1.393896e-06
1967	1.990878e-06
1968	5.591003e-06
1969	7.697286e-07
1970	1.287256e-06
1971	7.486871e-06
1972	2.097088e-06
1973	4.128293e-06
1974	3.440477e-06
1975	5.343080e-06
1976	3.274493e-06
1977	3.900704e-06
1978	4.974825e-06
1979	1.640821e-06
1980	9.874018e-07
1981	3.374088e-06
1982	4.243468e-06
1983	7.899238e-07
1984	2.209538e-06
1985	4.812085e-06
1986	2.515072e-06
1987	5.706463e-06
1988	2.395415e-06
1989	1.443398e-05
1990	2.415334e-06
1991	4.076707e-06
1992	3.811885e-06
1993	2.728495e-06
1994	1.522516e-06
1995	1.948552e-05
1996	4.678840e-06
1997	9.943546e-06
1998	1.198429e-06
1999	1.676875e-06
2000	1.503555e-06
2001	5.810833e-06
2002	3.882630e-06
2003	1.735853e-06
2004	1.609267e-06
2005	3.755620e-05
2006	1.745417e-06
2007	3.288973e-07
2008	4.111007e-06
2009	6.761126e-06
2010	3.756858e-06
2011	5.857269e-06
2012	7.909178e-06
2013	1.468195e-05
2014	1.137104e-05
2015	1.896326e-05
2016	2.493298e-05
2017	3.802703e-05
2018	6.006580e-05
2019	9.738095e-05
2020	1.658380e-04
2021	3.086672e-04
2022	7.088543e-04
2023	1.932447e-03
2024	7.506201e-03
2025	6.402161e-02
2026	5.962988e+01
2027	1.988163e+03
2028	1.166241e-01
2029	1.044415e-02
2030	2.425599e-03
2031	8.397073e-04
2032	3.640620e-04
2033	1.813271e-04
2034	9.914132e-05
2035	5.775968e-05
2036	3.796687e-05
2037	2.510928e-05
2038	1.669748e-05
2039	2.003198e-05
2040	1.257860e-05
2041	1.357489e-05
2042	4.490345e-06
2043	3.432644e-06
2044	7.174729e-06
2045	6.483985e-06
2046	2.560238e-06
2047	2.822304e-06
2048	5.096678e-06
2049	2.191117e-06
2050	2.603487e-06
2051	8.104102e-06
2052	7.174500e-06
2053	2.376750e-05
2054	4.351224e-06
2055	1.348094e-05
2056	1.257862e-05
2057	1.357341e-05
2058	1.639495e-05
2059	1.146678e-05
2060	3.796668e-05
2061	5.916950e-05
2062	9.902822e-05
2063	1.820979e-04
2064	3.640620e-04
2065	8.385315e-04
2066	2.425561e-03
2067	1.044267e-02
2068	1.166241e-01
2069	1.988163e+03
2070	5.962989e+01
2071	6.402650e-02
2072	7.506202e-03
2073	1.939275e-03
2074	7.087063e-04
2075	3.118361e-04
2076	1.658377e-04
2077	9.207582e-05
2078	6.008554e-05
2079	3.534232e-05
2080	2.493298e-05
2081	1.972235e-05
2082	1.136023e-05
2083	1.201559e-05
2084	7.909462e-06
2085	2.467992e-05
2086	3.626021e-06
2087	6.206743e-06
2088	4.110927e-06
2089	1.176032e-06
2090	1.738845e-06
2091	1.240693e-05
2092	1.608562e-06
2093	2.003307e-06
2094	3.895302e-06
2095	2.969073e-06
2096	1.503554e-06
2097	2.060647e-06
2098	1.073318e-06
2099	2.573178e-06
2100	4.679378e-06
2101	5.904363e-06
2102	1.228250e-06
2103	1.350088e-06
2104	3.811888e-06
2105	2.850447e-06
2106	2.412400e-06
2107	2.544108e-06
2108	2.395533e-06
2109	9.695886e-07
2110	2.502507e-06
2111	3.099256e-06
2112	2.209538e-06
2113	8.796641e-06
2114	4.171626e-06
2115	3.191400e-06
2116	9.874168e-07
2117	1.009244e-05
2118	4.980882e-06
2119	4.238466e-06
2120	3.274510e-06
2121	1.284778e-06
2122	3.921690e-06
2123	1.143878e-05
2124	2.096613e-06
2125	5.550822e-06
2126	1.243077e-06
2127	8.182805e-07
2128	5.591001e-06
2129	1.713333e-06
2130	1.451577e-06
2131	6.878579e-06
2132	5.101398e-07
2133	5.068849e-06
2134	1.442029e-06
2135	2.088690e-06
2136	3.356234e-06
2137	4.972840e-06
2138	3.627746e-06
2139	5.576288e-06
2140	2.837042e-06
2141	4.709269e-06
2142	1.261150e-06
2143	8.789203e-06
2144	2.672581e-07
2145	4.328433e-07
2146	4.722061e-06
2147	6.086774e-07
2148	3.392510e-06
2149	7.809826e-06
2150	1.667435e-06
2151	4.023269e-06
2152	2.361201e-06
2153	4.108390e-06
2154	7.859570e-07
2155	4.498830e-05
2156	2.622024e-06
2157	4.515997e-06
2158	4.891223e-06
2159	6.147209e-06
2160	2.056513e-06
2161	4.479826e-06
2162	2.544942e-06
2163	6.189347e-06
2164	1.787517e-06
2165	5.795846e-06
2166	1.105070e-06
2167	4.897938e-06
2168	6.928778e-07
2169	1.156131e-06
2170	2.571493e-06
2171	6.088265e-06
2172	4.941869e-06
2173	3.300010e-06
2174	3.520030e-06
2175	1.098060e-06
2176	4.463557e-06
2177	1.229170e-06
2178	1.761173e-06
2179	1.494460e-06
2180	4.019462e-06
2181	1.981827e-06
2182	1.643930e-06
2183	5.742673e-06
2184	8.680582e-07
2185	7.366092e-07
2186	1.895950e-06
2187	1.673290e-05
2188	3.382292e-06
2189	4.080823e-06
2190	1.222253e-06
2191	2.927198e-06
2192	1.299332e-06
2193	1.289833e-06
2194	3.467624e-06
2195	1.786076e-06
2196	2.406927e-06
2197	2.020517e-05
2198	2.168289e-06
2199	2.760405e-06
2200	1.480197e-06
2201	4.469645e-06
2202	2.312516e-06
2203	8.014198e-06
2204	4.383795e-06
2205	1.229169e-06
2206	8.004712e-07
2207	3.083057e-06
2208	1.073572e-06
2209	5.981193e-06
2210	1.672999e-06
2211	8.446508e-07
2212	2.894121e-06
2213	4.028044e-06
2214	4.080374e-06
2215	6.293259e-06
2216	1.703307e-06
2217	1.170908e-06
2218	3.643692e-06
2219	2.320390e-05
2220	2.822087e-07
2221	2.440066e-06
2222	3.259050e-06
2223	4.372086e-06
2224	1.737029e-06
2225	3.672413e-06
2226	4.703104e-06
2227	2.706274e-06
2228	2.826207e-06
2229	1.094670e-05
2230	3.810853e-06
2231	2.932550e-06
2232	2.544447e-06
2233	3.310697e-06
2234	7.407218e-07
2235	1.267679e-06
2236	9.955538e-07
2237	3.896972e-06
2238	8.937482e-07
2239	2.168159e-06
2240	2.983061e-06
2241	2.927198e-06
2242	2.752542e-06
2243	4.702166e-06
2244	3.859340e-06
2245	6.434785e-06
2246	7.092281e-07
2247	6.618031e-06
2248	8.896843e-07
2249	5.209892e-06
2250	9.284838e-07
2251	5.463345e-06
2252	1.605282e-06
2253	4.682209e-06
2254	3.484419e-06
2255	2.156374e-06
2256	1.901054e-06
2257	3.892637e-06
2258	4.152781e-06
2259	4.855421e-06
2260	2.001579e-06
2261	1.904859e-05
2262	5.637282e-06
2263	4.468420e-06
2264	6.169239e-07
2265	6.258959e-06
2266	3.012574e-06
2267	8.218798e-06
2268	6.329835e-07
2269	6.337221e-06
2270	2.947018e-06
2271	1.111738e-06
2272	2.333269e-06
2273	2.851545e-06
2274	2.415650e-06
2275	3.201649e-06
2276	2.429996e-06
2277	6.562306e-06
2278	4.820183e-06
2279	3.303971e-06
2280	2.085567e-06
2281	1.922488e-06
2282	1.728535e-06
2283	4.264961e-06
2284	1.282331e-06
2285	4.567088e-06
2286	1.891622e-06
2287	2.749481e-06
2288	7.481529e-06
2289	1.087598e-06
2290	3.507083e-06
2291	7.440214e-06
2292	1.582638e-06
2293	9.452526e-06
2294	1.563357e-06
2295	4.103414e-06
2296	1.679052e-06
2297	1.757139e-06
2298	3.124584e-06
2299	1.479310e-06
2300	2.602985e-06
2301	9.050910e-06
2302	3.065855e-06
2303	1.617655e-06
2304	1.760399e-06
2305	3.806204e-06
2306	5.980786e-07
2307	3.445677e-06
2308	4.202237e-06
2309	9.900907e-06
2310	2.518430e-06
2311	4.549619e-06
2312	2.787024e-06
2313	5.757068e-06
2314	2.757915e-06
2315	5.717292e-06
2316	2.115083e-06
2317	2.131471e-06
2318	2.555804e-06
2319	1.737200e-06
2320	1.692228e-06
2321	1.660733e-06
2322	1.527276e-06
2323	3.753562e-06
2324	8.757113e-07
2325	1.999865e-05
2326	1.024508e-06
2327	2.502141e-06
2328	1.994735e-07
2329	2.896273e-06
2330	2.926241e-06
2331	2.851305e-06
2332	2.523460e-06
2333	1.947869e-06
2334	3.422952e-06
2335	3.763794e-06
2336	2.492862e-06
2337	4.004717e-06
2338	3.076324e-06
2339	3.384687e-06
2340	1.939518e-06
2341	3.785409e-05
2342	2.046576e-01
2343	9.692628e-05
2344	3.602608e-06
2345	5.299236e-06
2346	2.356388e-06
2347	1.097119e-05
2348	9.267382e-07
2349	7.215595e-06
2350	9.995471e-07
2351	2.991481e-06
2352	3.633707e-06
2353	9.113509e-07
2354	5.870719e-06
2355	6.286409e-06
2356	1.753587e-06
2357	7.051339e-06
2358	2.181586e-06
2359	3.439479e-06
2360	3.547101e-06
2361	4.651805e-06
2362	2.606077e-06
2363	3.748005e-06
2364	2.601037e-06
2365	2.522084e-06
2366	1.788982e-06
2367	3.362893e-06
2368	4.363104e-06
2369	2.729949e-06
2370	2.359288e-06
2371	4.463492e-06
2372	4.996725e-06
2373	2.173148e-05
2374	6.120263e-06
2375	9.559508e-06
2376	8.399262e-06
2377	1.183540e-05
2378	1.625497e-05
2379	2.173448e-05
2380	4.011548e-05
2381	5.865848e-05
2382	1.027273e-04
2383	1.829221e-04
2384	3.680010e-04
2385	8.387522e-04
2386	2.427262e-03
2387	1.044133e-02
2388	1.166237e-01
2389	1.988163e+03
2390	5.962988e+01
2391	6.402443e-02
2392	7.506444e-03
2393	1.936185e-03
2394	7.046768e-04
2395	3.148161e-04
2396	1.631459e-04
2397	9.139288e-05
2398	5.555379e-05
2399	3.626815e-05
2400	2.197465e-05
2401	1.828848e-05
2402	1.149483e-05
2403	1.745454e-05
2404	9.300707e-06
2405	2.542870e-05
2406	2.776754e-06
2407	8.298942e-06
2408	4.133411e-06
2409	1.622270e-06
2410	1.295352e-06
2411	1.208102e-05
2412	1.160598e-06
2413	4.511127e-06
2414	3.241579e-06
2415	5.064543e-06
2416	5.416174e-06
2417	5.509175e-06
2418	3.672419e-06
2419	1.064091e-06
2420	1.871032e-06
2421	2.126073e-06
2422	1.635328e-06
2423	6.269977e-06
2424	3.242211e-06
2425	2.473777e-06
2426	1.986138e-06
2427	3.200648e-06
2428	1.402996e-06
2429	3.303104e-06
2430	2.543602e-06
2431	3.466138e-06
2432	5.791564e-06
2433	6.248912e-06
2434	2.480974e-06
2435	1.434711e-06
2436	7.483340e-07
2437	1.639814e-05
2438	4.304684e-06
2439	5.773092e-06
2440	8.210291e-07
2441	2.043597e-06
2442	3.626772e-06
2443	1.601263e-05
2444	1.737480e-06
2445	9.806853e-06
2446	2.070049e-06
2447	2.475758e-06
2448	3.337426e-07
2449	6.658926e-07
2450	3.460847e-07
2451	7.415805e-06
2452	8.480481e-07
2453	4.127389e-05
2454	2.953067e-06
2455	5.064678e-06
2456	2.095781e-06
2457	2.302179e-06
2458	2.677376e-06
2459	4.515695e-06
2460	2.106353e-06
2461	5.655529e-06
2462	3.673254e-06
2463	6.890928e-06
2464	4.355481e-07
2465	4.113361e-06
2466	3.882132e-06
2467	3.932815e-06
2468	2.133238e-06
2469	9.749043e-06
2470	8.329224e-07
2471	1.584944e-06
2472	2.842985e-06
2473	4.116662e-06
2474	1.417990e-06
2475	2.723807e-05
2476	3.301168e-06
2477	1.311041e-06
2478	2.786350e-07
2479	6.058248e-06
2480	1.820791e-06
2481	2.246831e-06
2482	1.316284e-06
2483	4.347907e-06
2484	2.188026e-06
2485	2.253389e-06
2486	2.077775e-06
2487	4.838744e-06
2488	1.115785e-06
2489	6.452258e-06
2490	1.106751e-06
2491	7.208264e-06
2492	3.929388e-07
2493	4.645816e-06
2494	2.278086e-07
2495	1.702851e-06
2496	1.008528e-06
2497	1.876203e-06
2498	2.635565e-06
2499	4.002086e-06
2500	7.056108e-07
2501	4.808140e-07
2502	1.072163e-06
2503	8.052164e-07
2504	1.475426e-06
2505	2.326160e-06
2506	4.644851e-06
2507	5.424168e-06
2508	3.751340e-06
2509	5.753731e-06
2510	2.271210e-06
2511	3.597722e-06
2512	1.905990e-06
2513	1.938063e-06
2514	2.265980e-06
2515	1.780449e-06
2516	1.085743e-06
2517	1.744765e-05
2518	1.890127e-06
2519	8.107898e-06
2520	3.712592e-07
2521	3.140699e-06
2522	8.102276e-08
2523	5.615040e-06
2524	3.107549e-06
2525	2.901631e-07
2526	3.328445e-06
2527	2.241860e-07
2528	7.351361e-07
2529	1.744308e-06
2530	1.526530e-06
2531	4.487731e-06
2532	4.477882e-06
2533	1.743937e-06
2534	3.985287e-06
2535	3.245987e-06
2536	6.938107e-07
2537	2.625858e-06
2538	5.102400e-06
2539	5.462082e-05
2540	1.672147e-06
2541	3.255732e-06
2542	8.278012e-07
2543	6.187326e-06
2544	3.632433e-06
2545	4.669167e-06
2546	3.457590e-06
2547	3.770450e-06
2548	4.063344e-06
2549	2.760657e-06
2550	3.958134e-06
2551	6.962478e-06
2552	2.175219e-06
2553	4.405655e-06
2554	2.648979e-06
2555	6.096549e-06
2556	1.035242e-06
2557	4.105987e-06
2558	2.201057e-06
2559	2.116520e-06
2560	4.891426e-06
2561	4.154119e-06
2562	1.640005e-06
2563	3.793941e-06
2564	1.709360e-06
2565	2.250088e-06
2566	2.559217e-06
2567	2.890471e-06
2568	1.636963e-06
2569	2.311685e-06
2570	2.103599e-06
2571	3.579970e-06
2572	4.053349e-06
2573	9.383160e-07
2574	1.941748e-06
2575	4.831473e-06
2576	2.029971e-06
2577	2.486475e-06
2578	1.325903e-06
2579	5.721809e-06
2580	3.744930e-06
2581	4.840896e-05
2582	2.340358e-06
2583	1.247742e-06
2584	5.517107e-06
2585	3.357400e-06
2586	1.687695e-06
2587	1.084934e-05
2588	4.024678e-06
2589	7.799997e-06
2590	1.256889e-06
2591	1.392399e-06
2592	3.169723e-06
2593	4.253646e-06
2594	2.098086e-06
2595	7.870155e-06
2596	2.347399e-06
2597	6.750546e-06
2598	2.285956e-06
2599	2.714603e-06
2600	6.138861e-06
2601	4.697095e-06
2602	2.946116e-06
2603	6.384455e-06
2604	1.191055e-06
2605	3.786668e-06
2606	3.410583e-06
2607	3.312449e-06
2608	3.232000e-06
2609	2.200707e-06
2610	2.812300e-06
2611	3.151637e-06
2612	2.185857e-06
2613	9.106160e-06
2614	1.259647e-06
2615	1.465977e-06
2616	1.947197e-06
2617	6.050863e-07
2618	1.053770e-06
2619	3.930336e-06
2620	1.704350e-06
2621	8.729171e-06
2622	2.621094e-06
2623	3.424874e-07
2624	2.915042e-06
2625	3.632466e-06
2626	2.590303e-06
2627	9.345571e-07
2628	3.145902e-06
2629	1.411989e-05
2630	1.723675e-06
2631	6.076664e-06
2632	3.667228e-06
2633	5.438532e-06
2634	4.881981e-06
2635	2.262158e-06
2636	4.858565e-06
2637	1.955899e-06
2638	2.029240e-06
2639	3.196251e-06
2640	1.625395e-06
2641	4.163723e-06
2642	1.735641e-06
2643	3.164893e-06
2644	3.378409e-06
2645	3.159350e-05
2646	8.873413e-07
2647	1.618675e-06
2648	1.160507e-06
2649	2.280549e-06
2650	4.098702e-06
2651	2.277014e-06
2652	2.955063e-06
2653	5.946618e-06
2654	5.176907e-07
2655	7.523592e-07
2656	2.451513e-06
2657	3.353502e-06
2658	1.542471e-06
2659	1.993253e-06
2660	4.109850e-06
2661	2.999261e-06
2662	5.299269e-06
2663	6.318650e-06
2664	2.314642e-06
2665	2.067218e-06
2666	1.020357e-06
2667	6.052109e-06
2668	3.094280e-06
2669	4.491639e-06
2670	1.971671e-06
2671	7.848756e-06
2672	2.283897e-06
2673	2.495226e-06
2674	1.885920e-06
2675	2.276106e-06
2676	2.164304e-06
2677	4.033077e-06
2678	2.045774e-06
2679	3.901892e-06
2680	4.300977e-06
2681	2.730814e-06
2682	2.344437e-06
2683	5.653140e-06
2684	3.373682e-06
2685	6.133472e-06
2686	4.671565e-06
2687	2.975910e-06
2688	1.295459e-06
2689	1.777258e-06
2690	4.021288e-06
2691	3.178665e-06
2692	1.735160e-06
2693	1.204213e-05
2694	4.417303e-07
2695	5.317155e-06
2696	3.073637e-06
2697	1.152113e-06
2698	1.243369e-06
2699	5.339658e-06
2700	3.762693e-06
2701	3.211689e-06
2702	1.311374e-06
2703	1.224454e-06
2704	2.890397e-06
2705	3.331392e-06
2706	1.962896e-06
2707	6.060589e-06
2708	8.206452e-07
2709	1.193356e-05
2710	5.883486e-07
2711	4.584540e-06
2712	2.259501e-06
2713	4.813760e-06
2714	4.330159e-06
2715	6.355287e-06
2716	3.295993e-06
2717	6.747551e-06
2718	1.599808e-06
2719	3.247221e-06
2720	9.869167e-07
2721	2.713351e-06
2722	1.122297e-06
2723	2.792802e-06
2724	2.721654e-06
2725	1.038813e-05
2726	2.355550e-06
2727	6.714332e-06
2728	2.159971e-06
2729	2.399681e-06
2730	1.474537e-06
2731	1.705984e-05
2732	4.921093e-06
2733	2.282803e-06
2734	5.364700e-07
2735	7.048726e-06
2736	3.418469e-06
2737	5.309491e-06
2738	1.598197e-06
2739	5.014922e-06
2740	2.351987e-06
2741	8.769549e-06
2742	1.017956e-06
2743	2.790134e-06
2744	9.780334e-07
2745	1.418611e-06
2746	3.772299e-07
2747	5.219416e-06
2748	5.103676e-07
2749	4.169260e-06
2750	1.732081e-06
2751	4.731500e-06
2752	6.604644e-06
2753	5.098888e-06
2754	2.437212e-06
2755	4.076865e-06
2756	5.488717e-07
2757	7.491028e-06
2758	1.398502e-06
2759	3.413299e-06
2760	3.046300e-06
2761	3.099501e-06
2762	1.534217e-06
2763	3.326564e-06
2764	8.083844e-07
2765	2.573486e-06
2766	2.678291e-06
2767	4.900135e-06
2768	2.004391e-06
2769	1.316551e-06
2770	1.340191e-06
2771	4.178585e-06
2772	5.031945e-07
2773	1.745765e-05
2774	1.791752e-06
2775	9.494683e-06
2776	3.359294e-06
2777	4.319262e-07
2778	3.719373e-06
2779	3.166467e-06
2780	3.678655e-06
2781	7.139817e-06
2782	3.317006e-06
2783	1.841338e-06
2784	3.067630e-06
2785	2.831824e-06
2786	1.807187e-06
2787	5.377042e-06
2788	6.136363e-06
2789	6.545115e-06
2790	1.746535e-06
2791	2.443508e-06
2792	3.511385e-06
2793	3.830243e-06
2794	3.608361e-06
2795	3.059849e-06
2796	3.078325e-06
2797	3.445259e-07
2798	2.628218e-06
2799	5.763848e-06
2800	2.342876e-06
2801	1.970042e-06
2802	5.529144e-07
2803	4.174354e-06
2804	1.435779e-06
2805	1.086599e-05
2806	1.831399e-06
2807	1.777137e-06
2808	2.928903e-06
2809	5.536846e-06
2810	1.678986e-06
2811	3.089429e-06
2812	9.517690e-07
2813	5.029310e-06
2814	1.970758e-06
2815	3.391298e-06
2816	1.968393e-06
2817	3.092881e-06
2818	3.099837e-06
2819	2.454557e-06
2820	3.438141e-06
2821	9.908047e-06
2822	4.235007e-06
2823	1.326042e-06
2824	2.360641e-06
2825	4.218116e-06
2826	5.679303e-06
2827	9.209109e-06
2828	2.648595e-06
2829	3.167248e-06
2830	2.411542e-06
2831	1.620375e-06
2832	3.447797e-06
2833	1.325393e-06
2834	3.304717e-06
2835	8.620925e-07
2836	2.573471e-06
2837	2.321941e-05
2838	3.666624e-06
2839	4.001076e-06
2840	2.712648e-06
2841	2.496779e-06
2842	1.627572e-06
2843	1.472956e-06
2844	6.452098e-07
2845	3.377486e-06
2846	2.236318e-06
2847	2.021385e-06
2848	2.051150e-06
2849	4.858125e-06
2850	2.061796e-06
2851	7.138464e-06
2852	4.229015e-06
2853	4.560302e-06
2854	3.163605e-06
2855	1.603146e-06
2856	3.710875e-07
2857	4.097059e-06
2858	6.519603e-07
2859	7.575443e-06
2860	2.851108e-06
2861	4.536636e-06
2862	1.820527e-06
2863	4.628438e-06
2864	3.020116e-06
2865	7.794081e-06
2866	2.521542e-06
2867	9.777914e-08
2868	2.602413e-06
2869	1.384050e-05
2870	2.281981e-06
2871	4.250770e-06
2872	2.753112e-06
2873	7.083608e-07
2874	5.214786e-06
2875	8.870729e-06
2876	2.563674e-06
2877	1.746307e-06
2878	3.484895e-06
2879	2.561818e-06
2880	2.360176e-06
2881	2.796549e-06
2882	7.066965e-07
2883	2.656185e-06
2884	3.030454e-06
2885	2.986445e-06
2886	1.323317e-06
2887	4.762420e-06
2888	2.994176e-06
2889	2.038623e-06
2890	1.828136e-06
2891	1.297909e-05
2892	2.914551e-06
2893	3.680084e-06
2894	1.549532e-06
2895	2.163562e-06
2896	3.674479e-06
2897	4.183417e-06
2898	1.361110e-06
2899	5.222438e-06
2900	4.107999e-06
2901	3.261467e-05
2902	3.256001e-06
2903	3.520961e-06
2904	2.313543e-06
2905	9.068773e-07
2906	1.433839e-06
2907	1.060507e-05
2908	3.269190e-06
2909	4.336368e-06
2910	2.584469e-06
2911	2.771705e-06
2912	1.250198e-06
2913	1.361470e-06
2914	1.112766e-06
2915	1.574967e-05
2916	2.465233e-06
2917	3.821618e-06
2918	7.895323e-07
2919	5.743847e-06
2920	3.882676e-06
2921	3.234677e-06
2922	3.733679e-06
2923	1.088547e-05
2924	2.127008e-06
2925	3.954279e-06
2926	2.243805e-06
2927	6.611146e-06
2928	2.590559e-06
2929	2.627356e-06
2930	2.788051e-06
2931	2.551955e-06
2932	3.512315e-06
2933	7.374883e-06
2934	2.669729e-06
2935	1.444263e-06
2936	2.786259e-06
2937	4.239821e-06
2938	1.416440e-06
2939	1.188306e-06
2940	5.955538e-06
2941	2.343405e-06
2942	8.021269e-07
2943	3.337730e-07
2944	1.516031e-06
2945	3.642534e-06
2946	4.333854e-06
2947	3.047652e-06
2948	4.580216e-06
2949	7.656539e-06
2950	1.323855e-06
2951	3.273160e-06
2952	1.587376e-06
2953	5.105263e-06
2954	2.091578e-07
2955	6.802474e-06
2956	4.979620e-06
2957	5.086557e-07
2958	4.397936e-06
2959	4.161083e-06
2960	4.326855e-06
2961	2.251812e-06
2962	3.149518e-06
2963	1.295001e-06
2964	2.730830e-06
2965	2.459106e-05
2966	2.636122e-06
2967	2.079917e-06
2968	1.686522e-06
2969	2.616760e-06
2970	5.252382e-06
2971	3.267552e-06
2972	4.618297e-06
2973	3.226817e-06
2974	5.279806e-07
2975	1.364499e-06
2976	3.214141e-06
2977	3.761031e-06
2978	8.225367e-07
2979	1.898390e-06
2980	3.278463e-06
2981	6.377715e-06
2982	2.033523e-06
2983	4.300283e-06
2984	6.741774e-06
2985	2.766105e-06
2986	2.120621e-06
2987	2.020885e-05
2988	4.481390e-06
2989	9.247854e-06
2990	5.682511e-07
2991	4.665675e-06
2992	3.333103e-06
2993	4.345310e-06
2994	3.687346e-06
2995	4.371075e-06
2996	2.810387e-06
2997	6.379311e-06
2998	1.376460e-06
2999	9.598371e-06
3000	3.704655e-06
3001	1.650914e-06
3002	4.552511e-07
3003	1.721268e-06
3004	3.076817e-06
3005	4.180142e-06
3006	2.532487e-06
3007	8.018990e-07
3008	1.574445e-06
3009	2.119271e-06
3010	1.591577e-06
3011	2.779990e-06
3012	1.582526e-06
3013	1.357245e-05
3014	2.032465e-06
3015	5.755277e-06
3016	1.115540e-06
3017	3.772947e-06
3018	1.499882e-06
3019	5.691131e-06
3020	2.443130e-06
3021	3.436529e-06
3022	2.089090e-06
3023	2.365202e-06
3024	5.816333e-06
3025	4.171663e-06
3026	3.254379e-06
3027	2.577567e-06
3028	9.202838e-07
3029	8.206158e-06
3030	3.326959e-06
3031	4.172735e-06
3032	2.032706e-06
3033	6.281300e-06
3034	3.576220e-06
3035	9.607050e-06
3036	1.292506e-07
3037	1.329822e-06
3038	4.134140e-06
3039	5.170209e-06
3040	1.746306e-06
3041	1.346729e-06
3042	1.818078e-06
3043	5.667276e-07
3044	1.533393e-06
3045	1.217373e-06
3046	3.123920e-06
3047	1.637438e-06
3048	9.754475e-07
3049	3.195267e-06
3050	2.411595e-06
3051	1.705984e-05
3052	2.549915e-06
3053	3.928625e-06
3054	3.064054e-06
3055	4.966517e-06
3056	2.251592e-06
3057	9.854997e-07
3058	2.970038e-06
3059	4.218140e-06
3060	6.798769e-07
3061	4.029681e-06
3062	4.508050e-06
3063	2.697392e-06
3064	3.588036e-06
3065	2.573896e-06
3066	3.245140e-06
3067	4.561270e-06
3068	2.121376e-06
3069	6.297689e-06
3070	1.040874e-06
3071	4.054369e-06
3072	2.730251e-06
3073	2.464992e-06
3074	2.117239e-06
3075	2.838868e-06
3076	2.735026e-06
3077	6.012728e-06
3078	4.059965e-06
3079	4.277099e-06
3080	3.455549e-06
3081	1.797669e-06
3082	1.342254e-06
3083	1.199530e-05
3084	2.323961e-06
3085	1.102249e-06
3086	1.176949e-06
3087	1.107096e-06
3088	5.157112e-06
3089	5.579181e-06
3090	6.346923e-07
3091	1.608429e-06
3092	2.847495e-06
3093	1.945122e-05
3094	2.384186e-07
3095	1.997580e-06
3096	3.269207e-06
3097	1.675223e-06
3098	5.705600e-06
3099	2.992212e-06
3100	2.342222e-06
3101	7.344678e-06
3102	2.117317e-06
3103	1.291472e-06
3104	3.579967e-06
3105	2.601706e-06
3106	1.039374e-06
3107	2.546467e-06
3108	3.847123e-06
3109	3.583934e-06
3110	3.475612e-06
3111	3.866665e-06
3112	1.277591e-06
3113	4.861532e-06
3114	7.803728e-06
3115	1.817619e-05
3116	2.028559e-06
3117	4.973097e-06
3118	2.605292e-06
3119	4.525398e-06
3120	3.378945e-06
3121	5.739294e-07
3122	1.874288e-06
3123	3.249775e-06
3124	1.423183e-06
3125	8.719177e-06
3126	1.050235e-06
3127	3.075844e-06
3128	2.618438e-06
3129	7.873329e-07
3130	3.812326e-06
3131	4.048949e-06
3132	1.803098e-06
3133	3.492916e-06
3134	2.039803e-06
3135	6.275084e-06
3136	1.286512e-06
3137	7.473758e-06
3138	2.824866e-06
3139	4.085890e-06
3140	2.817945e-06
3141	8.821302e-06
3142	3.680126e-06
3143	1.546855e-06
3144	1.707923e-06
3145	1.373877e-06
3146	1.122701e-06
3147	3.011190e-06
3148	3.414522e-06
3149	4.600940e-06
3150	1.838958e-06
3151	4.618419e-06
3152	2.400953e-06
3153	1.665620e-06
3154	1.510292e-06
3155	1.909684e-06
3156	3.546949e-06
3157	3.156143e-05
3158	3.290458e-06
3159	1.006479e-06
3160	1.448354e-06
3161	3.918607e-06
3162	2.335746e-06
3163	7.053538e-06
3164	5.079357e-06
3165	4.571927e-06
3166	1.617702e-06
3167	7.057086e-07
3168	5.344295e-06
3169	2.211511e-06
3170	1.591019e-06
3171	3.823681e-06
3172	2.979938e-06
3173	2.784875e-06
3174	1.275215e-06
3175	1.158042e-06
3176	1.011187e-06
3177	2.248754e-06
3178	2.616590e-06
3179	1.640274e-05
3180	2.610687e-06
3181	4.508909e-06
3182	1.581697e-06
3183	2.944982e-06
3184	1.441510e-06
3185	6.955124e-07
3186	3.209698e-06
3187	3.431395e-06
3188	3.401399e-06
3189	5.382353e-06
3190	3.104640e-06
3191	3.703091e-06
3192	1.644333e-06
3193	2.229592e-06
3194	3.063659e-06
3195	9.761834e-06
3196	1.360636e-06
3197	1.011517e-05
3198	2.666150e-06
3199	4.025842e-06
3200	1.386894e-06
3201	1.458573e-06
3202	1.445373e-06
3203	3.023762e-06
3204	4.128552e-06
3205	1.248689e-05
3206	6.518114e-07
3207	3.325339e-06
3208	2.425914e-06
3209	1.121377e-06
3210	1.555857e-06
3211	1.437639e-05
3212	1.746774e-06
3213	1.581415e-06
3214	2.139290e-06
3215	1.646078e-06
3216	2.027776e-06
3217	1.908663e-06
3218	4.131956e-06
3219	5.344457e-06
3220	3.839734e-06
3221	8.912622e-06
3222	2.461804e-06
3223	4.234131e-06
3224	1.433881e-06
3225	1.495711e-06
3226	2.696159e-06
3227	8.337198e-06
3228	1.883924e-06
3229	6.000610e-06
3230	3.807182e-06
3231	3.716167e-06
3232	1.957791e-06
3233	2.682343e-06
3234	1.771070e-06
3235	8.822233e-06
3236	2.337511e-07
3237	2.778133e-06
3238	1.552730e-06
3239	6.962806e-06
3240	1.482861e-06
3241	3.334763e-06
3242	3.310607e-06
3243	3.259279e-05
3244	7.702809e-07
3245	3.907124e-06
3246	5.048144e-06
3247	4.270655e-06
3248	1.704447e-06
3249	2.927448e-06
3250	3.695527e-07
3251	5.457121e-06
3252	2.155552e-06
3253	5.598290e-06
3254	2.210588e-06
3255	2.225702e-06
3256	2.877465e-06
3257	4.068877e-06
3258	1.041974e-06
3259	4.232170e-06
3260	3.137579e-06
3261	1.675579e-06
3262	2.307124e-06
3263	3.385304e-06
3264	3.666296e-06
3265	3.731443e-06
3266	2.292298e-06
3267	7.836455e-06
3268	3.168329e-06
3269	5.832799e-06
3270	1.494415e-06
3271	3.082100e-06
3272	2.065061e-06
3273	3.547612e-06
3274	5.731341e-06
3275	1.168487e-05
3276	1.635624e-06
3277	2.122260e-06
3278	2.893443e-06
3279	2.419687e-06
3280	2.486964e-06
3281	5.679143e-06
3282	1.414392e-06
3283	2.592641e-06
3284	3.107182e-06
3285	1.154344e-05
3286	1.204488e-06
3287	1.155151e-06
3288	1.436216e-06
3289	2.629433e-06
3290	6.618744e-06
3291	2.361312e-06
3292	8.218382e-07
3293	2.243784e-06
3294	2.170112e-06
3295	5.631532e-06
3296	2.140480e-06
3297	3.790295e-06
3298	2.680754e-06
3299	4.872401e-06
3300	2.624485e-06
3301	2.802382e-06
3302	1.604198e-06
3303	2.985343e-06
3304	3.083094e-06
3305	5.769838e-06
3306	1.669994e-06
3307	1.716614e-05
3308	3.284673e-06
3309	4.500122e-06
3310	8.963962e-07
3311	3.608031e-06
3312	5.213445e-06
3313	1.307889e-06
3314	1.885990e-06
3315	5.733643e-06
3316	3.547589e-06
3317	9.420044e-06
3318	3.020351e-06
3319	5.102907e-06
3320	1.727634e-06
3321	3.652932e-06
3322	4.051556e-06
3323	7.693856e-06
3324	3.857327e-06
3325	3.835789e-06
3326	2.974629e-06
3327	1.053568e-06
3328	2.739107e-06
3329	2.039807e-06
3330	7.217946e-07
3331	8.581962e-07
3332	2.487466e-06
3333	4.938854e-06
3334	1.616535e-06
3335	4.993264e-06
3336	3.209484e-06
3337	2.462668e-06
3338	2.335706e-06
3339	6.144861e-07
3340	2.511156e-06
3341	6.452442e-06
3342	3.308131e-06
3343	5.541705e-07
3344	2.934220e-06
3345	4.143313e-06
3346	1.157202e-06
3347	3.098218e-06
3348	2.828509e-06
3349	2.827380e-05
3350	2.331122e-06
3351	1.148196e-06
3352	2.623387e-06
3353	1.827854e-06
3354	1.815999e-06
3355	7.012131e-06
3356	3.398485e-06
3357	3.115356e-06
3358	2.460650e-06
3359	1.987434e-06
3360	1.253290e-06
3361	2.324640e-06
3362	3.128577e-06
3363	1.312498e-06
3364	2.206891e-06
3365	5.822734e-06
3366	6.050501e-07
3367	2.544149e-06
3368	1.502604e-06
3369	5.227579e-06
3370	2.318172e-06
3371	1.136617e-05
3372	1.276711e-06
3373	5.860428e-06
3374	2.917042e-06
3375	1.658552e-06
3376	3.319587e-06
3377	2.645535e-06
3378	7.231559e-07
3379	1.438477e-06
3380	2.072895e-06
3381	9.865265e-06
3382	1.762663e-06
3383	1.999020e-06
3384	4.492951e-06
3385	3.902577e-07
3386	5.622543e-06
3387	6.408970e-06
3388	3.880003e-06
3389	6.608261e-06
3390	1.825500e-06
3391	4.820556e-06
3392	3.851696e-06
3393	3.934418e-06
3394	2.814976e-06
3395	4.933047e-06
3396	2.935088e-06
3397	1.024780e-05
3398	1.457725e-06
3399	1.892662e-06
3400	2.175121e-06
3401	3.747666e-07
3402	1.622339e-06
3403	4.936739e-06
3404	1.639411e-06
3405	3.487776e-07
3406	3.363135e-06
3407	3.069172e-06
3408	6.232591e-06
3409	1.616718e-06
3410	7.432669e-07
3411	7.206955e-07
3412	1.437224e-06
3413	2.861023e-05
3414	1.590450e-06
3415	2.172057e-06
3416	1.378504e-06
3417	2.246944e-06
3418	3.453974e-06
3419	2.423961e-06
3420	2.161773e-06
3421	5.937407e-06
3422	1.651156e-06
3423	1.047112e-06
3424	2.027895e-06
3425	7.423845e-07
3426	4.244669e-06
3427	4.235101e-06
3428	1.370544e-06
3429	2.537771e-06
3430	2.290207e-06
3431	5.440010e-07
3432	2.589335e-06
3433	2.994585e-06
3434	5.056253e-06
3435	6.048409e-06
3436	1.790353e-06
3437	2.715626e-06
3438	2.176483e-06
3439	5.856514e-07
3440	1.035584e-06
3441	3.520722e-06
3442	3.227901e-06
3443	3.602809e-06
3444	1.810280e-06
3445	6.569544e-06
3446	3.004860e-06
3447	2.547329e-06
3448	2.413778e-06
3449	6.494011e-07
3450	2.528926e-06
3451	6.753789e-06
3452	2.194203e-06
3453	5.203291e-06
3454	1.798052e-06
3455	3.786558e-06
3456	3.204065e-06
3457	2.520044e-06
3458	1.903480e-06
3459	2.351308e-06
3460	3.391777e-06
3461	8.126969e-06
3462	1.814950e-06
3463	2.965567e-06
3464	1.505427e-06
3465	1.168135e-06
3466	2.638815e-06
3467	4.165691e-06
3468	6.630325e-06
3469	3.886270e-06
3470	2.247809e-06
3471	2.216452e-06
3472	6.949080e-07
3473	9.699661e-07
3474	7.380803e-07
3475	1.824104e-06
3476	1.997200e-06
3477	1.108026e-05
3478	2.946050e-06
3479	2.689438e-06
3480	6.108512e-07
3481	1.192870e-06
3482	2.600430e-06
3483	6.476562e-06
3484	5.670285e-06
3485	1.914979e-06
3486	2.731178e-06
3487	1.549221e-06
3488	3.515934e-06
3489	3.548303e-06
3490	8.566308e-07
3491	1.210967e-06
3492	4.884860e-06
3493	6.632190e-07
3494	2.320506e-06
3495	3.125554e-06
3496	2.013240e-06
3497	5.466508e-06
3498	4.026680e-06
3499	1.937719e-05
3500	2.480122e-06
3501	2.976315e-06
3502	2.253256e-06
3503	1.852371e-06
3504	4.647014e-06
3505	6.677737e-06
3506	1.286473e-06
3507	4.912573e-06
3508	1.062712e-06
3509	5.037988e-06
3510	9.553522e-07
3511	3.727883e-06
3512	3.075724e-06
3513	4.324726e-06
3514	2.609621e-06
3515	2.095939e-06
3516	2.953003e-06
3517	1.171348e-05
3518	2.971450e-06
3519	4.938095e-06
3520	3.111015e-06
3521	1.715470e-06
3522	8.338885e-07
3523	2.226617e-06
3524	2.199728e-06
3525	1.295664e-05
3526	3.956004e-06
3527	5.306203e-06
3528	1.368747e-06
3529	4.491138e-06
3530	2.903725e-06
3531	4.354417e-06
3532	8.946514e-07
3533	1.721468e-06
3534	1.666783e-06
3535	1.938914e-06
3536	1.335197e-06
3537	2.127142e-06
3538	2.615517e-06
3539	5.108950e-06
3540	6.050890e-07
3541	1.417528e-05
3542	2.918564e-06
3543	6.592419e-06
3544	3.052317e-06
3545	6.865374e-07
3546	1.545495e-06
3547	5.303439e-06
3548	1.462891e-06
3549	2.919736e-06
3550	2.854768e-06
3551	3.535406e-06
3552	1.079036e-06
3553	6.110518e-07
3554	1.393255e-06
3555	2.268770e-06
3556	2.628631e-06
3557	3.890599e-06
3558	8.477181e-07
3559	3.214614e-06
3560	2.198532e-06
3561	5.737204e-06
3562	1.410249e-06
3563	2.343978e-05
3564	2.461915e-06
3565	1.068632e-05
3566	3.619922e-06
3567	2.370356e-06
3568	2.004858e-06
3569	1.041174e-06
3570	2.001054e-06
3571	2.399108e-06
3572	3.655091e-06
3573	1.095602e-05
3574	2.355641e-06
3575	2.409904e-06
3576	1.118167e-07
3577	9.825516e-07
3578	1.322693e-06
3579	8.380442e-06
3580	1.575038e-06
3581	4.859627e-06
3582	1.142417e-06
3583	7.130417e-06
3584	1.301714e-06
3585	4.258072e-06
3586	3.324066e-07
3587	2.044780e-06
3588	4.051608e-06
3589	8.409646e-06
3590	7.291802e-07
3591	4.186488e-06
3592	1.649500e-06
3593	2.355780e-06
3594	1.839430e-06
3595	1.091758e-05
3596	2.752166e-06
3597	1.205517e-06
3598	2.021188e-06
3599	1.862554e-06
3600	1.057654e-06
3601	4.462475e-06
3602	2.700658e-06
3603	2.709357e-06
3604	1.416423e-06
3605	1.835692e-05
3606	3.619847e-06
3607	4.007364e-06
3608	2.444749e-06
3609	5.086999e-06
3610	3.145540e-06
3611	7.631318e-06
3612	1.982856e-06
3613	4.497127e-06
3614	1.151895e-06
3615	3.857478e-06
3616	4.051966e-06
3617	2.170400e-06
3618	1.427314e-06
3619	1.711336e-06
3620	1.470019e-06
3621	2.840645e-06
3622	1.354882e-06
3623	2.380462e-06
3624	2.420824e-06
3625	2.957604e-06
3626	3.655940e-06
3627	1.218762e-05
3628	1.356262e-06
3629	3.650667e-06
3630	4.559420e-06
3631	3.103918e-06
3632	2.613833e-06
3633	8.766527e-07
3634	1.133673e-06
3635	3.256573e-06
3636	3.409525e-06
3637	1.148019e-05
3638	7.144068e-07
3639	2.092513e-06
3640	1.108720e-06
3641	2.870339e-06
3642	1.297238e-06
3643	6.114513e-06
3644	1.947939e-06
3645	5.332252e-06
3646	2.030684e-06
3647	2.446108e-06
3648	4.561283e-06
3649	5.607463e-06
3650	4.231700e-06
3651	3.669434e-06
3652	5.139185e-07
3653	9.271309e-06
3654	1.750362e-06
3655	7.073736e-06
3656	4.044615e-06
3657	6.292486e-06
3658	1.901856e-06
3659	7.372852e-06
3660	3.082396e-06
3661	9.167226e-07
3662	2.968271e-06
3663	3.903028e-06
3664	4.030020e-06
3665	4.750169e-06
3666	3.525141e-06
3667	4.384793e-06
3668	3.261331e-06
3669	2.152804e-05
3670	3.012357e-06
3671	8.952951e-07
3672	5.093434e-06
3673	3.183209e-06
3674	3.118652e-06
3675	3.437882e-06
3676	3.178550e-06
3677	7.881032e-06
3678	2.469058e-06
3679	3.524569e-06
3680	8.547388e-07
3681	1.611938e-06
3682	2.562116e-06
3683	2.354617e-06
3684	1.914500e-07
3685	4.822983e-06
3686	3.026931e-06
3687	1.383081e-06
3688	4.686333e-06
3689	2.178854e-06
3690	3.932215e-06
3691	1.530433e-05
3692	3.920535e-06
3693	4.163606e-06
3694	3.754565e-06
3695	2.206945e-06
3696	3.458942e-06
3697	1.748161e-06
3698	3.322426e-06
3699	4.082379e-06
3700	2.993197e-06
3701	6.815965e-06
3702	1.495487e-06
3703	2.140699e-06
3704	2.372153e-06
3705	3.032915e-06
3706	1.365495e-06
3707	2.472848e-06
3708	5.649534e-06
3709	6.471856e-06
3710	1.151547e-06
3711	5.663923e-06
3712	1.350386e-06
3713	5.213691e-06
3714	2.291572e-06
3715	3.861118e-06
3716	2.529589e-06
3717	4.061056e-06
3718	4.048952e-06
3719	1.272322e-06
3720	2.556676e-06
3721	1.963190e-06
3722	4.039765e-06
3723	1.601086e-06
3724	1.961170e-06
3725	3.255822e-06
3726	2.033679e-06
3727	1.953824e-06
3728	4.387862e-07
3729	3.770444e-06
3730	3.838085e-06
3731	5.419015e-06
3732	2.778814e-06
3733	1.059914e-05
3734	3.431461e-06
3735	2.191219e-06
3736	1.800142e-06
3737	3.930010e-06
3738	3.120122e-06
3739	6.348831e-06
3740	1.491079e-06
3741	2.391115e-06
3742	8.404512e-07
3743	1.572666e-06
3744	1.962833e-06
3745	1.053683e-06
3746	9.796176e-07
3747	2.744351e-06
3748	2.471208e-06
3749	8.580611e-07
3750	1.059012e-06
3751	4.899199e-06
3752	1.042547e-06
3753	1.138137e-06
3754	2.239739e-06
3755	1.078959e-05
3756	3.317954e-06
3757	7.885404e-06
3758	2.221836e-06
3759	1.664843e-06
3760	6.411758e-07
3761	2.592898e-06
3762	2.317373e-06
3763	3.524313e-06
3764	4.272843e-06
3765	8.221359e-06
3766	2.205119e-06
3767	2.890427e-06
3768	1.764187e-06
3769	3.895313e-06
3770	8.616817e-07
3771	2.945073e-06
3772	7.224807e-07
3773	1.265472e-06
3774	1.216961e-06
3775	2.531357e-06
3776	3.999649e-06
3777	1.036184e-06
3778	9.517589e-07
3779	4.396969e-06
3780	8.755459e-07
3781	7.153170e-06
3782	5.853754e-07
3783	1.525378e-06
3784	2.115959e-06
3785	1.643301e-07
3786	1.000980e-06
3787	6.629539e-06
3788	2.384958e-06
3789	2.051282e-06
3790	1.304992e-06
3791	1.214424e-06
3792	4.598669e-06
3793	2.303518e-06
3794	1.819648e-06
3795	5.226680e-06
3796	6.501545e-07
3797	6.967797e-06
3798	4.544177e-06
3799	3.530331e-06
3800	4.280403e-07
3801	1.881803e-06
3802	2.340111e-06
3803	2.978189e-06
3804	5.676559e-07
3805	4.591551e-06
3806	5.294487e-06
3807	1.705990e-06
3808	1.477065e-06
3809	1.198445e-06
3810	1.021662e-06
3811	4.247591e-06
3812	3.215036e-06
3813	7.900266e-06
3814	3.452045e-06
3815	1.642916e-06
3816	5.876356e-06
3817	3.482143e-06
3818	2.228627e-06
3819	3.022664e-05
3820	1.967215e-06
3821	1.124253e-06
3822	3.302701e-06
3823	3.039975e-06
3824	3.532828e-06
3825	2.398826e-06
3826	3.442589e-06
3827	2.416876e-06
3828	1.221140e-06
3829	1.118879e-05
3830	3.495216e-06
3831	4.412717e-06
3832	2.395232e-07
3833	2.040388e-06
3834	4.191493e-07
3835	5.103416e-06
3836	2.214223e-06
3837	5.520130e-06
3838	7.684010e-07
3839	4.278249e-06
3840	3.742006e-06
3841	2.130983e-06
3842	2.883617e-06
3843	2.786633e-06
3844	6.218149e-07
3845	5.102530e-06
3846	1.616514e-06
3847	7.292441e-06
3848	3.755610e-06
3849	3.400532e-06
3850	2.785590e-06
3851	2.178725e-06
3852	1.296995e-06
3853	2.358282e-06
3854	1.679239e-06
3855	3.907436e-06
3856	8.380083e-07
3857	7.561343e-06
3858	5.689127e-06
3859	1.837315e-06
3860	2.242105e-06
3861	8.308565e-06
3862	1.955130e-06
3863	1.697702e-06
3864	4.879356e-06
3865	5.110717e-06
3866	2.492291e-06
3867	1.960660e-06
3868	3.917271e-06
3869	7.360805e-06
3870	1.185432e-06
3871	2.182866e-06
3872	5.320178e-06
3873	1.494612e-06
3874	4.401622e-06
3875	3.003801e-06
3876	3.130737e-06
3877	6.782337e-06
3878	2.766064e-06
3879	3.249897e-06
3880	1.555667e-06
3881	4.501980e-06
3882	1.292140e-06
3883	6.590253e-06
3884	1.743340e-06
3885	8.727323e-06
3886	1.322325e-06
3887	3.804620e-06
3888	1.749331e-06
3889	5.881586e-06
3890	3.050638e-06
3891	5.801709e-06
3892	2.919428e-06
3893	1.037868e-05
3894	2.971058e-06
3895	1.429157e-06
3896	2.292861e-06
3897	1.048303e-06
3898	3.099559e-06
3899	1.361922e-05
3900	5.933184e-07
3901	2.788945e-06
3902	1.805338e-06
3903	5.926349e-06
3904	1.094261e-06
3905	2.373838e-06
3906	3.542246e-06
3907	3.853692e-06
3908	3.695044e-06
3909	5.145112e-06
3910	3.288362e-06
3911	2.423249e-06
3912	3.404632e-06
3913	8.527933e-07
3914	3.063019e-06
3915	2.578218e-06
3916	3.826229e-06
3917	5.957238e-06
3918	2.406185e-06
3919	4.217822e-06
3920	7.671800e-07
3921	3.077449e-06
3922	1.560104e-06
3923	3.781735e-06
3924	1.596699e-06
3925	3.084274e-05
3926	1.055098e-06
3927	4.131448e-06
3928	4.864632e-06
3929	4.239062e-06
3930	2.393360e-06
3931	9.052892e-06
3932	1.537011e-06
3933	6.010479e-06
3934	2.295943e-06
3935	5.309649e-06
3936	2.434814e-06
3937	1.780313e-06
3938	2.259660e-06
3939	6.579487e-06
3940	1.436641e-06
3941	5.135260e-06
3942	3.840316e-06
3943	2.222139e-06
3944	2.567112e-06
3945	2.233632e-06
3946	9.750995e-07
3947	1.317814e-05
3948	1.651929e-06
3949	5.014082e-06
3950	3.109797e-06
3951	1.724895e-06
3952	1.098089e-06
3953	1.913000e-06
3954	2.574909e-06
3955	2.887263e-06
3956	3.369661e-06
3957	1.209900e-05
3958	3.488606e-07
3959	7.548539e-07
3960	2.882990e-06
3961	1.485670e-06
3962	3.202248e-06
3963	8.749955e-06
3964	1.676554e-06
3965	1.988933e-06
3966	4.284630e-06
3967	1.403642e-06
3968	2.779529e-06
3969	2.322023e-06
3970	3.847685e-06
3971	5.220264e-06
3972	2.068920e-06
3973	1.393832e-05
3974	2.111559e-06
3975	3.964458e-06
3976	2.686650e-06
3977	4.417005e-06
3978	2.235529e-06
3979	8.982331e-06
3980	2.573843e-06
3981	4.927181e-06
3982	1.848202e-06
3983	4.832727e-06
3984	3.292527e-07
3985	4.159479e-06
3986	2.138508e-06
3987	1.554756e-06
3988	1.794355e-06
3989	2.614836e-06
3990	1.583939e-06
3991	4.081280e-06
3992	2.856127e-06
3993	2.549177e-06
3994	1.356056e-06
3995	6.400971e-06
3996	9.972432e-07
3997	3.578194e-06
3998	4.150665e-06
3999	3.042590e-06
4000	2.372028e-06
4001	6.175867e-06
4002	1.607363e-06
4003	3.919367e-06
4004	3.206047e-06
4005	1.104454e-05
4006	2.230430e-06
4007	5.201967e-06
4008	8.370681e-06
4009	6.372754e-07
4010	3.389045e-06
4011	1.047277e-05
4012	1.395460e-06
4013	5.326126e-06
4014	6.069858e-06
4015	3.784699e-06
4016	9.080408e-07
4017	1.926605e-06
4018	1.008935e-06
4019	3.967830e-06
4020	3.203566e-06
4021	6.831943e-07
4022	1.789583e-06
4023	3.417323e-06
4024	3.072376e-06
4025	4.278529e-06
4026	1.819163e-06
4027	2.815391e-06
4028	4.993885e-06
4029	7.927462e-06
4030	2.178838e-06
4031	5.379509e-06
4032	1.147612e-06
4033	3.640738e-06
4034	4.370242e-06
4035	5.266851e-06
4036	1.810066e-06
4037	4.101441e-06
4038	5.432897e-06
4039	2.202268e-06
4040	3.618998e-06
4041	3.294876e-06
4042	2.602690e-06
4043	1.127636e-05
4044	2.927231e-06
4045	3.954218e-06
4046	4.209961e-06
4047	3.156546e-06
4048	3.350609e-06
4049	3.868895e-06
4050	2.026245e-06
4051	8.561784e-06
4052	1.651229e-06
4053	1.742737e-05
4054	1.885367e-06
4055	3.270201e-06
4056	5.133483e-06
4057	1.723911e-06
4058	2.063269e-06
4059	4.488439e-06
4060	2.883444e-06
4061	2.087019e-06
4062	9.355125e-07
4063	9.718373e-07
4064	6.152338e-07
4065	9.444585e-07
4066	2.271759e-06
4067	1.953861e-06
4068	1.951633e-06
4069	6.146797e-06
4070	1.632763e-06
4071	2.835991e-06
4072	7.467212e-07
4073	2.519379e-06
4074	4.978326e-06
4075	2.157919e-05
4076	2.504089e-06
4077	1.402619e-06
4078	2.502602e-06
4079	3.863648e-06
4080	4.520397e-06
4081	1.729002e-06
4082	1.422047e-06
4083	2.932962e-06
4084	5.537564e-06
4085	5.662181e-06
4086	2.155386e-06
4087	5.497270e-06
4088	3.596463e-06
4089	3.335949e-06
4090	2.609124e-06
4091	2.739743e-06
4092	3.023394e-06
4093	6.874115e-06
4094	1.326582e-06
4095	1.046113e-06
